-76331
35071
-52450
624712
-54663
30702
116722
-294469
1582864
-744545
-1192825
3285895
-1831692
-2977312
7597147
-3596536
-8992081
15680019
-4855034
-17749099
27872642
-4316499
-35276284
45025038
-994550
-62366813
67954174
11475192
-104177302
94893772
37675205
-164770584
121990044
87573738
-247267015
135105321
177867928
-386606076
-697220807
-2773116351
-5188091195
-2149265207
2516730350
1024537615
-1055846183
2197792801
3299748258
-994302176
-3614584786
-3452742793
-3620604756
-2283232455
-370977176
-2393454125
-5362191675
-3643625440
-809009557
-1850987931
-2170012230
2057946449
3790326918
-1160739357
-3773562366
1546282880
5549676899
1847716850
-1673340149
-295582198
-787706507
-3721932046
-1725086371
1921627129
-418825862
-3218819701
-902628177
153966125
-1914351112
-1383273314
-121059490
-2323668286
-4200346827
-2728095462
-536970136
-221653482
-2327842097
-3771452684
-755434883
3233332753
3271016654
1359738857
-1253394175
-4796355614
-4027022862
1604536530
4384150899
3601641395
3003394463
608005392
-1707080304
655313270
2198692053
-1009263173
-1863112997
920133116
631234977
-1054255888
945575028
1613862520
-3181220053
-4543904770
2061043855
4338723277
-1783398703
-2116479362
3809362049
1542406806
-3914824414
203970847
5094540653
1577566564
-2170491877
-2344571375
-3764637192
-4779239785
-2217398810
676439507
762850942
-699793627
-1064713577
466075574
2607799057
3620000605
2362596949
111111179
-900880266
-2144005794
-3956630983
-1748364990
2839258700
2630131817
83578268
847415559
1313454319
-805888964
-1795965539
-2257859747
-3804482419
-3001593347
745849672
3290213669
3144320347
1729392192
96469151
-376923639
1411475941
3226266335
1780159739
-535113731
909729277
2928787754
24939077
-4295211708
-4427970353
-1651127259
1303418042
3337333948
2975943887
1173547469
424451514
264008057
78634339
1174906320
1990155320
-679583538
-4062456601
-2255557929
2737500444
3866590810
1897338893
1821431844
1721044136
-476796264
-702078253
578622482
-1577779021
-3629231299
107724175
3819693559
667024626
-3503379469
-1678973823
1116589139
-1259077226
-4081950010
-1961751146
1258678319
1721894022
1757039801
2056006107
396414710
-1509936966
-465902146
2136569582
3352669835
2861206963
1147488944
-1610852256
-3792841705
-3440356591
-1769237009
-1648681692
-2029249070
-143500894
1246168090
-1118793571
-2442625236
1247705751
4603255502
3891467434
2363582597
816844992
-1361529104
-769877594
1878175974
505877196
-3946418913
-4565827233
-642413188
2965916766
4066795810
3992016616
4020811103
3918580517
3144325423
1782294917
-363783579
-2790955795
-3001531720
-417056699
1607812075
1174297369
-254666342
-1925007911
-3371435688
-2632241660
-60946307
918644974
142654626
1426341036
4240992810
2806890951
-2479575669
-3529487585
740886964
2752522523
1625066178
2540367112
4080420773
3034858914
1852226879
896395441
-2069804975
-3943059742
-2006365561
284612545
1156845562
2297692013
3307648537
3495213502
3077962896
1555628401
308626593
183075266
-914862748
-771098050
2879815183
3015940724
-2191497452
-3827816731
-2863035563
-4640188119
-2282349240
3508449012
1479222921
-2290012930
1524657291
3211928620
-34832564
938633912
2063929396
-277459865
1603088456
4003871862
1219066874
1976062663
4961769213
17155376
-4613359372
-634241591
2815556264
2443225928
1860907727
-1369555795
-3089763228
1626241640
2831151011
-2185745508
-2029610702
1748833391
1501317138
1740540490
3150374465
1111321221
244522220
1878613562
974769772
1511113842
4705406811
2096401991
-2979724323
-1241703871
1046617767
-2469571682
-3492849144
1837731717
4443961380
531569381
-2476198846
-2009581087
-3077012808
-3211406443
1584433567
3002787725
-1343466307
-295538139
3606002199
-600901894
-4955751091
-1362620308
772392966
-958561209
770949710
2964679183
1428693101
414542562
1295898
-2827355820
-4203275496
-1521261139
-112129627
-2159297620
-1921032924
1730847878
1908433354
-1997196468
-2414092882
1510709560
3458650006
2174401869
618252751
-1090694808
-2520293639
-731228517
2509606408
2011543260
692568945
3208052089
3057334521
-1865448545
-845670236
3827765661
-123110305
-4296936119
1749111337
4173950713
-3645218654
-5997627739
272722735
2334467963
-1076506311
-2381178451
97527906
3383332530
3241965178
-1028442564
-4209515419
-4043254987
-2992641499
-1719378131
-2088529945
-5306297251
-4714991729
1641165849
3845118547
265624210
-361920011
694445409
-1870616899
-3743565919
-2402441299
-1064721003
712737404
2191618910
96759801
-1885333954
315384326
2023068453
-390052189
-3237648014
-3688509208
-3278222629
-2060996912
1661419611
3883162787
260600061
-1901807902
2177734920
2151478631
-3363784611
-2037089997
3016063592
1792360046
-17909468
-37178035
-3532590806
-4160345251
166159054
-624830145
-3809721119
-2821157690
-3718242788
-4273940295
1429623351
2444517095
-3673888704
-2493757626
3257916225
1523185934
-1478205247
330886431
643410149
-712850864
107842914
424518853
-409982196
9356681
296884704
-238897793
-34261369
204559630
-133650982
-47311142
135223544
-68905592
-45344620
84081457
-31150818
-35584367
48269501
-11440341
-23844644
25610823
-2681873
-14100185
11809114
555172
-6958207
3968982
918012
-2878656
1317027
527225
-491373
54597
0
