-703052131
-36846323
-187865751
-39183713
-332598657
293001805
98639451
76622929
50020787
164988547
45781569
17862468
18180643
483262171
-958314478
-967855263
3681209390
-318038324
1806819939
-62511472
-2600726443
-860949340
-274249806
1117080807
2621006391
1842541246
-4705396968
-674887698
-5278627828
1464956905
-1230525162
-5991690408
5224890350
2368316693
1975196730
-5486486370
-1707134623
-2072433182
-5554838746
-3409883368
-5468133155
1795416470
-2936520693
1806605124
-5078975125
-111478613
2007847539
-127109139
-13934430
946445958
-622513078
-2044412690
2201039093
-1570737066
5283343589
2832840879
5533842334
1857303612
-4332355474
-3467096031
-3082557384
4475957323
3229121895
2670768095
-3909871060
1439122479
-5008954764
86412123
-656409591
-5733530895
1160411879
-644579531
2810446918
-5695128048
7509938456
-4050803580
-388715851
-2468763119
-3437141206
1490201076
942248273
5404163933
2179700485
3379455803
297739267
-133375394
-1488474056
-3177020408
-3525676792
4093238879
722557085
181906009
4765498058
5276618742
555254248
-950224390
538058849
1274157484
2360169867
5481351804
-3696767330
3807519439
-3829779158
-629029080
4230067284
-6934343799
723457470
-634631161
3678244072
2251192542
2026489197
-5036599593
1564040820
-2039167087
3022636950
-4720407508
-4069570666
5839530792
-1362624817
1191091494
71593629
4561455307
-2248228427
3769467231
-372870519
1458670423
917241816
-5328306188
-4992477002
-2253324757
5136312247
-4624317126
-514480036
-657286376
5260160905
-4913560822
-1358587601
5116122026
-4064863262
3126621777
2035739040
2940888737
-1525834911
2631909310
-3700608535
451158901
2808886788
742649769
-4049101489
-1284113312
2772139339
-876496985
-1928958658
-2601433257
-7074079904
-3255437215
2944206633
2443990666
6301407999
-3835114971
2794603540
-2217231150
-859064848
-2310369787
-3199354648
5706138977
980215878
-1562769656
-6148040810
-1135769907
-2638879951
2227318790
5143145997
1582263824
-1525059979
177773406
4740441713
-1988744270
-2203591405
-3622414527
5383896480
2673334853
891731710
2002793829
2238969239
-1981932612
-8526500885
-3278399540
413087292
1658032418
-1354197986
-1564323959
-1146657091
-1028605459
-2588746994
4344739131
671937131
6467797665
2641089090
-3691236803
1439437002
4491977822
2771836070
2460940607
-4127772986
-4556819584
-3050972699
3711803572
4047910054
-192634245
708604593
-3332786477
-5646869247
1560951249
1887597001
-4466811268
2563816625
681195867
2006884363
-749004495
-1925608761
-2937728544
-842149535
1093960983
-1074646641
-420711872
1110777045
495780402
-996837835
-1849923052
858134970
-2818621033
-2549210781
-1793514224
971952066
4356329917
3913215061
1446257518
-3703844724
-4028061086
1666797966
3099852616
-3282381418
-4032597086
-3500018002
464355301
8548352071
-553942745
-2195025398
-1959541876
-6029129439
-6071113156
-4580710618
75006035
502811939
-2550113150
-8279798194
2027825494
1244577983
1154067016
508056471
1709033023
-2724046411
2460654001
-2335337220
-2342612526
6645667469
-4856247710
3002963505
-2504986884
-2051279670
3190004177
-387640538
2594423443
2503966445
2029760064
1146597962
-2440168654
-3758210494
303543244
3285699945
-2824806716
5955602831
6041875430
4154415663
-2726253025
-6579847637
5812575152
854440179
-3528682391
-317324646
-1689951910
-3338328872
3292222383
-900211351
-575715114
-3975745654
-5822532472
-2280106135
-5297238432
6067656863
-3524653141
-6219344322
-1658377862
2065985196
3111651869
3113067578
3732742304
4525189469
-3571388828
1638721768
4190935253
-1171264665
-1115997661
221665947
-4415011447
3502605402
4150198666
580759645
-3147749186
-617369628
-3810656434
-3021626290
3037726004
392298754
-317286458
725262757
-4663313736
-2698161068
2097332764
669382119
-3057328242
1878918238
2520722384
3759155639
2313200065
1440757554
3361918741
-3678153102
777880557
-7137119219
-1330585776
6537560965
2972278548
1847113530
-2655822467
-4158290264
-1973272034
497169826
6207706185
4771436683
1153566568
2749787174
1597763951
-4209730129
-6442456623
-2412867772
-4085318988
4237867549
-2552773292
-2524925848
-128068396
-2914498364
-2287732849
-253518313
-3922890370
-835006585
-2023509362
-4179232215
-1696583758
2949955788
7267347271
-607887969
-6748963959
3221506531
-2640334432
-1723346640
-3389758673
-478493528
5565093432
-3827568341
-1829706285
-516515534
-670464750
1766098567
4012957585
-960741540
4573861984
-3694856258
2437999366
-2298139485
1376831215
-1485651098
-4629931466
-6671073291
882642753
2124233589
982075792
-2736908571
-2078158080
5968119851
-2528556145
5331243507
2363721818
761196128
-1030313294
2379900173
-293977022
2584767904
5624157433
3139248231
749970200
-3219239051
-2654707892
3912158731
1979156176
1705102458
2534829886
67091149
-1951737144
-1016151947
3651580086
-2004172346
4271246214
-3644789642
-3014624385
1104714339
-4070028517
2169708547
-1689424953
3874684456
5548017328
438016140
-1463671019
-1727243873
2881550195
3165919698
-2385554023
-3923332289
251978203
-2618363792
983413733
-5316051959
-2423670777
3095315878
-2213105668
-2382906001
-2265261092
-5183579493
-324926498
-4896414601
-964945569
-98923880
-5835151316
-1848087876
-5830106365
753723665
1138112082
445360792
397154748
3114817095
2841847294
202778829
161145959
4989705462
1903794523
2756807094
4191287872
2530398589
-3401430577
291948556
-5442975084
2577665410
-758297289
-234855130
2390452395
4981078218
636905069
-4170963211
1104277874
-135122778
2687814872
-2577533819
-3974386641
-2661302182
2840306114
-1845350239
-8011863950
-2753147648
-7089090197
216723142
1758171852
1874586752
-2297389020
-6353187970
-6269697918
-1691765030
6106331560
-2984869351
945012733
-2543051728
2363627202
-1560965372
-4617111077
5154397577
-5552832868
-1771485347
4453301580
-3560298262
1612749831
-22776704
-7973206863
-2848739859
-5320372147
457864607
-1027622138
1656185764
252857374
2905023230
3266800283
-9163773573
-1911621455
924063241
2741636087
-3126324955
-1243166800
-183676593
-2997795717
-1221415570
-908019750
-2787051243
-5024667357
-2073931486
1133182295
-2056054531
-2658616429
3686433865
-524965493
588007912
4453924707
-3897198499
1332466993
6091101632
-3284887331
3723012058
7906023212
-2557331023
3208864279
1054549334
1928379161
2982829604
-1287675684
1053758193
-3866848408
-3997760518
2680012557
-1926495170
-1412259198
140710103
2625014548
1309582313
-3926012626
-3340235948
-5157155560
2695832352
-389492773
392886078
4085344441
-6178018050
622835064
-422712610
37447542
4303526108
3653488617
3850481870
2418089057
314219215
3395982400
-3024933705
44222267
757025004
1515499841
7166584111
-2998782832
-6901891385
-2845598946
4426927249
-3070794116
-5519941535
2100716517
978763944
-2026614924
1860826974
3204610778
1117768819
-1852898043
-1733904176
1699920212
-3600486632
3473116330
-4279092051
-6129775632
-1961505456
-2580086375
4974902148
4081229328
3344053547
-5031430334
707808089
-1055806296
-2769204698
1321443485
-96975714
-3472254054
1277631274
2386120481
-2993342360
-4156768269
-469292796
-134896531
-3475907439
1549769324
-530303699
202307312
268329071
2973973137
1941959803
2703731407
-6139945530
-1264885467
818076326
-3389435726
-958085120
959981385
3783239070
2236700943
-2041071565
-4259580148
-763176278
-376246258
-1187569
-233281269
362286001
-914764995
-35196640
84021643
68387010
-134681899
615228373
-176477524
236623175
215249843
90165393
34710447
0
