3166620
-1589240
-2423035
987748
2255982
-4421476
-51013
6222402
-8426457
-8487906
15029598
-10247683
-9673006
27355175
-5871383
-27836361
43257172
-3420661
-53450410
61490718
7636970
-91854245
85424009
32011803
-143339763
138644102
6579368
-149782939
1931562666
3832653803
1277309590
-1613527134
437260354
2686212654
1683222694
2729537212
5466015716
4143944378
2415704743
4555622179
4233833150
-1318138028
-5526515380
-4719952921
-593020391
2090993996
-320765928
-1383904766
3238544605
2659946687
-4903350559
-4679295457
1550096440
428685569
-1498899944
3711289861
4591881732
-2542955441
-4056702704
2553252849
4889563294
-444103793
-4115989159
-2516377870
-1829689616
-2854515423
-814083867
1297762439
-709217971
-1972305128
615611045
3131008407
3125928558
1058262886
-721940062
-366835786
-824411090
-1246755479
3385226890
6320420314
1248354147
-553292771
4943384757
5150407191
-213743440
-1802931713
-597499477
467633062
151999169
-3075770204
-3104368272
1329430625
953643909
-977514764
2659289648
2729867505
-1804873621
-99804102
2268997069
-1545268328
-1782465404
2463103090
1946876928
-1294864746
-2761841546
-2817220443
946818892
5917271485
4494706060
-669650918
-2829300803
-2962642706
-2271198963
-319786107
-735968503
-3453402883
-2463657627
1470639307
3101753044
4006152913
5194286598
3157104826
1259234020
3476704231
3869733255
898545364
40280126
-859594883
-2792406606
-258014770
2295996820
-345252171
147503348
4647838284
3730150466
-242635301
-2207743368
-4982959800
-5324174708
-1383551032
-1230248181
-3545194527
-1586370858
-1267457385
-4001651141
-921740564
3128700419
-1815469146
-7062015494
-2384826837
3531544660
1003812998
-3277468138
-1263483995
1291791317
-1056892458
-2548822195
-1304581495
-2043374263
-1808155440
2680637237
5442441953
4544779331
3146086142
-43819142
-2386519909
745600898
2158585816
-2580368031
-2765130597
4056200985
5617538535
658403828
-1088190171
912874159
2207271790
2598856192
636074528
-2602118881
-1249291579
1170325680
-2468096349
-4050675712
2747804516
5783921253
562686774
-797704679
3032679992
2923154590
-663433155
-2862125337
-2567032977
609238428
3703517872
3573426841
3084508496
2664937514
-1449986784
-5535806215
-3209877729
2086565261
4316618848
4300388104
3351062045
-305505779
-3861122666
-3009690203
-2510918928
-5643305228
-4169747199
1729946837
749898110
-3005239397
-73462058
1294016645
-1935889747
458690384
4307450844
2132430183
1643130671
2354812213
-1937779449
-1561517924
4582738675
1893110075
-4621792852
-2117610260
600064827
-2146315827
-472419044
4036686140
2192236525
-2677035014
-4040904692
-2026773380
482105679
1131074596
1621886290
2396010577
-1204379234
-4837913056
-583235252
2739935268
-1687340480
-2758296128
583864686
-724488935
-223017890
5340768592
3800100703
-2663252250
-2407508748
-562856971
-2484835820
-1671123324
2155543736
3830577359
2750126151
-353666525
-2263923650
-672392576
-274591152
-563569743
3604950945
5109525792
-768709399
-1966418908
3942878286
5002862848
3047037867
5033125825
4011714943
-687894997
820768814
4236461610
879221632
-2179550426
464001921
2724245333
2177717505
-179507236
-3399391257
-1828894243
3452855883
3021026940
-30176068
1543027814
751019686
-3944224063
-3014687373
-366242338
-2264761202
-215166700
4862959432
1842725362
-3363676551
-3183657549
-4620580025
-5328424618
1933872548
5417935972
-1311572298
-2695151636
4441192451
5298635946
172639650
33729660
2164601322
253493615
-2044304715
-2038440850
-2291008020
-1829862638
1669444101
4817348174
3409438394
-884667330
-3745747246
-3781683832
-2284462636
-838001024
-1087884175
-3467648305
-4918204322
-3197152941
-1403542591
-1444134439
-860168609
-516562317
-1714092653
-13289216
3253529960
378907325
-3654795510
782751121
5577480761
1370851330
-2243477313
1473275292
3091331083
-123088116
93966544
2791303413
1761187109
-23938332
-148841410
-3010722445
-5942389362
-2262108661
2724210893
722791629
-4534746213
-6114278726
-3101982821
1913990897
3138766368
-1419808100
-3013668723
1959614411
4015794518
1605114088
2981440309
5788676034
3393065149
125753327
569926464
2356867732
3800890399
3615820419
310288829
-3384879743
-3800308444
-430946989
4266727330
5402272568
1696373084
-1630989105
-1108866900
2139949756
4753620289
1921233442
-4095524546
-3672650779
1926996800
2364728595
-521039058
1376102926
4473711763
2754147020
-809172682
-3153941193
-4205606083
-1213175546
4302194902
3953484296
-921696522
-915714235
147948807
-4414055954
-4277582725
4153405166
5031822966
-2504013328
-3526522214
-1499481849
-3736519004
-902747530
4499919792
-659669410
-6080916172
-79598871
3727215579
-362846132
-2010269703
-3304510280
-5986100609
-1274563045
4034761606
-678157707
-4957201156
-1988157858
-107316329
-787971451
-1230053001
-1190391607
2202872450
4077767649
-1607564508
-4196566712
596320722
655281623
-2507599718
-1097874029
-1876490384
-4124729136
313755140
4157790159
3041320523
3504837062
503608414
-6873128465
-4199823809
3849104399
1041115020
-3518334345
1298866753
4362257068
1139042159
155710677
1103748149
-51554404
-2003776348
-3223028014
-1725651789
894666661
-413790404
-1420203223
1718592079
879215748
-2188148115
2378129660
5198488659
-1368860222
-2352086227
4550363751
4147642279
-6007508
1626267032
1070285321
-3639703080
-3034740015
119239868
-1153727515
-2715199659
-742582219
2196570929
3624882197
2419434536
46494815
-391604903
299478924
9787271
-202965411
140672336
32148993
-120308316
68796560
26310283
-68839365
31552292
18507795
-34492901
12999291
15344749
-17869933
7908797
4867916
-7121705
5529556
2781954
-3693572
2783227
725709
-2839370
-1693492
3374346
0
