1 -23213 2
1 7687 3
1 -221 1
1 17431 0
1 4691 4
1 -2063 5
1 11860 6
0 -11704 0
1 13641 2
1 -20117 3
0 21318 1
0 -1715 0
0 24363 4
0 13012 5
0 -13525 6
1 -7595 0
1 6054 2
1 -5779 3
1 -27895 1
0 -26968 0
1 -5140 4
0 -27919 5
1 21947 6
1 -5926 0
1 9411 2
0 17534 3
0 -25527 1
0 -1416 0
0 -7563 4
0 -24814 5
0 -4493 6
0 -25323 0
1 7308 2
1 1053 3
1 31014 1
0 -14146 0
1 -31938 4
1 -26423 5
1 -4046 6
1 -19785 0
1 -13700 2
1 16572 3
0 23210 1
1 -3876 0
0 16131 4
0 17917 5
0 -19272 6
1 -11704 0
1 32584 2
1 -8434 3
1 -29759 1
0 12262 0
1 -8133 4
0 29170 5
0 21323 6
0 271 0
1 -19127 2
0 -14681 3
0 -10584 1
0 18431 0
0 22880 4
0 7811 5
0 2192 6
1 -4904 0
1 5386 2
1 14957 3
1 -24955 1
0 1084 0
1 -15975 4
1 -27006 5
1 -4161 6
0 22554 0
1 -21430 2
1 -5222 3
0 9083 1
0 -16118 0
0 -31752 4
0 -23887 5
0 -6695 6
1 -18516 0
1 -1214 2
1 1557 3
1 -31089 1
1 -8919 0
1 19992 4
0 7444 5
1 17673 6
1 21168 0
1 3091 2
0 -29320 3
0 -26345 1
0 30239 0
0 6431 4
0 1907 5
0 21661 6
0 16658 0
1 -18784 2
1 -15747 3
1 -978 1
0 -11258 0
1 13258 4
1 19709 5
1 6041 6
1 -10986 0
1 30020 2
1 23895 3
0 28354 1
0 -13550 0
0 -28424 4
0 -9271 5
0 27045 6
1 -8027 0
1 -19574 2
1 14347 3
1 -14866 1
0 4893 0
1 -16556 4
0 15066 5
0 -4394 6
0 -23360 0
1 26870 2
0 30290 3
0 -2132 1
0 966 0
0 5171 4
0 -32232 5
0 -10966 6
1 -25549 0
1 9371 2
1 26363 3
1 -14833 1
1 -29187 0
1 29867 4
1 -6801 5
1 26929 6
0 -17854 0
1 9722 2
1 -5259 3
0 20692 1
0 16299 0
0 8758 4
0 26083 5
0 24465 6
1 22199 0
1 -31120 2
1 20551 3
1 28919 1
0 -4762 0
1 -616 4
0 15999 5
1 24823 6
1 -22219 0
1 -4922 2
0 -30373 3
0 -7165 1
0 -28371 0
0 2060 4
0 28473 5
0 2571 6
0 1355 0
1 -12460 2
1 2792 3
1 -29545 1
0 -31618 0
1 -27791 4
1 26412 5
1 23296 6
1 -24402 0
1 -11754 2
1 -2967 3
0 6969 1
1 -19794 0
0 -22668 4
0 11213 5
0 17468 6
1 -22058 0
1 -27713 2
1 -11071 3
1 -7169 1
0 -30496 0
1 20754 4
0 20710 5
0 -11653 6
0 -19478 0
1 8797 2
0 -28154 3
0 820 1
0 14349 0
0 -21149 4
0 28310 5
0 2413 6
1 -21059 0
1 17091 2
1 -14147 3
1 26392 1
0 -8406 0
1 13991 4
1 -9634 5
1 16015 6
0 -7690 0
1 -19872 2
1 -20864 3
0 -28187 1
0 27302 0
0 -5323 4
0 -7080 5
0 -7848 6
1 -26654 0
1 -28552 2
1 24256 3
1 -24873 1
1 -7677 0
1 -12307 4
0 -26489 5
1 32113 6
1 -28236 0
1 4690 2
0 30298 3
0 -2173 1
0 9941 0
0 -13117 4
0 -329 5
0 -25010 6
0 -26923 0
1 21383 2
1 15845 3
1 -11635 1
0 24055 0
1 -10843 4
1 -29402 5
1 -25644 6
1 -9360 0
1 10616 2
1 -28187 3
0 -13706 1
0 -7376 0
0 7014 4
0 -16050 5
0 -15812 6
1 25412 0
1 14321 2
1 -16948 3
1 28695 1
0 14365 0
1 -4026 4
0 -25560 5
0 -25511 6
0 -1045 0
1 -4659 2
0 9036 3
0 16123 1
0 7278 0
0 31927 4
0 23907 5
0 -20810 6
1 -17008 0
1 -4182 2
1 5276 3
1 7683 1
1 -1950 0
1 -14418 4
1 -26123 5
1 -29333 6
0 13018 0
1 -23064 2
1 -28131 3
0 19124 1
0 -18984 0
0 -28370 4
0 -25338 5
0 -8245 6
1 31173 0
1 -31241 2
1 21281 3
1 16982 1
0 -20016 0
1 31283 4
0 12377 5
1 -12063 6
1 -2607 0
1 21252 2
0 14597 3
0 -10118 1
0 -3427 0
0 12960 4
0 29688 5
0 -11650 6
0 11732 0
1 -27960 2
1 27621 3
1 3768 1
0 -32457 0
1 9983 4
1 -4611 5
1 8798 6
1 -27821 0
1 -17300 2
1 3990 3
0 -14485 1
1 13111 0
0 -8126 4
0 -1450 5
0 -21737 6
1 -2080 0
1 -17332 2
1 17755 3
1 29022 1
0 20512 0
1 -2870 4
0 -27047 5
0 4713 6
0 19443 0
1 -12213 2
0 -8473 3
0 5491 1
0 47 0
0 25190 4
0 -20234 5
0 3343 6
1 -2607 0
1 -29074 2
1 -3880 3
1 -14049 1
0 31528 0
1 -3918 4
1 -32447 5
1 2009 6
0 -13124 0
1 -24986 2
1 -9524 3
0 26844 1
0 18343 0
0 -6943 4
0 -20258 5
0 -13149 6
1 -10675 0
1 18674 2
1 -5952 3
1 -24234 1
1 5928 0
1 10524 4
0 -7065 5
1 -8253 6
1 -13026 0
1 -14910 2
0 27823 3
0 9644 1
0 16588 0
0 22401 4
0 -10869 5
0 14620 6
0 -9958 0
1 636 2
1 -16955 3
1 1648 1
0 -4260 0
1 27955 4
1 -26834 5
1 30293 6
1 -7688 0
1 -2837 2
1 -22149 3
0 -32597 1
0 31596 0
0 4104 4
0 -12243 5
0 -5797 6
1 22418 0
1 12081 2
1 -7274 3
1 25734 1
0 24407 0
1 22559 4
0 -7148 5
0 -23380 6
0 -16581 0
1 -21075 2
0 11943 3
0 19251 1
0 14335 0
0 -3470 4
0 17719 5
0 -15261 6
1 -24128 0
1 -31850 2
1 -18092 3
1 29752 1
1 10164 0
1 -21849 4
1 -9001 5
1 -18137 6
0 6773 0
1 25120 2
1 -21789 3
0 31165 1
0 21803 0
0 6137 4
0 -13581 5
0 -17531 6
1 18488 0
1 6888 2
1 14360 3
1 16143 1
0 10032 0
1 -17414 4
0 -29225 5
1 -32742 6
1 17607 0
1 -5316 2
0 31920 3
0 1411 1
0 -16423 0
0 5277 4
0 -919 5
0 -15587 6
0 12191 0
1 11739 2
1 -31998 3
1 28902 1
0 -27636 0
1 31552 4
1 -10526 5
1 15332 6
1 -22155 0
1 1474 2
1 -9640 3
0 -4517 1
1 -5111 0
0 7461 4
0 20633 5
0 -2974 6
1 -15816 0
1 -14195 2
1 27939 3
1 27094 1
0 -2105 0
1 12094 4
0 26456 5
0 3019 6
0 31086 0
1 16714 2
0 17954 3
0 8316 1
0 -26471 0
0 -755 4
0 18617 5
0 -372 6
1 -13715 0
1 4210 2
1 1592 3
1 -24443 1
0 10575 0
1 7367 4
1 32066 5
1 -9748 6
0 -8837 0
1 -21412 2
1 12321 3
0 23664 1
0 8962 0
0 -9333 4
0 16993 5
0 19283 6
1 -15639 0
1 9403 2
1 -14813 3
1 -21190 1
1 29562 0
1 5986 4
0 2402 5
1 7857 6
1 -29477 0
1 -17750 2
0 -10867 3
0 -23601 1
0 -431 0
0 9393 4
0 27139 5
0 -3800 6
0 -30168 0
1 28344 2
1 -13749 3
1 -8857 1
0 21212 0
1 24940 4
1 -28223 5
1 30602 6
1 21372 0
1 -29143 2
1 10598 3
0 17401 1
0 415 0
0 -6834 4
0 13148 5
0 -19227 6
1 -18233 0
1 22114 2
1 -6160 3
1 -5147 1
0 11356 0
1 9374 4
0 15722 5
0 1743 6
0 12026 0
1 14873 2
0 32321 3
0 -3149 1
0 -8725 0
0 -10208 4
0 15242 5
0 20263 6
1 24476 0
1 12189 2
1 15431 3
1 -31769 1
1 12577 0
1 -29205 4
1 18396 5
1 -10979 6
0 -31273 0
1 15674 2
1 -500 3
0 3191 1
0 -28901 0
0 19094 4
0 15848 5
0 7156 6
1 -14992 0
1 26986 2
1 -1479 3
1 15637 1
0 -1111 0
1 21126 4
0 18601 5
1 -20568 6
1 13330 0
1 11460 2
0 -17096 3
0 -15748 1
0 -30269 0
0 681 4
0 14963 5
0 14202 6
0 -19482 0
1 18690 2
1 -32452 3
1 -6063 1
0 -15498 0
1 -14526 4
1 26326 5
1 25319 6
1 -12401 0
1 -24124 2
1 -5170 3
0 -20232 1
1 -30793 0
0 19525 4
0 -16953 5
0 20882 6
1 10736 0
1 -24155 2
1 21727 3
1 10312 1
0 -3132 0
1 28733 4
0 -17988 5
0 -2535 6
0 5287 0
1 -14716 2
0 -17809 3
0 17838 1
0 -3437 0
0 -11108 4
0 12763 5
0 -12057 6
1 16507 0
1 -17835 2
1 2496 3
1 32660 1
0 -7400 0
1 26855 4
1 -11366 5
1 12727 6
0 15139 0
1 -8433 2
1 13316 3
0 27901 1
0 20871 0
0 -18155 4
0 -11673 5
0 14170 6
1 511 0
1 9845 2
1 -20329 3
1 10796 1
1 12401 0
1 15534 4
0 8271 5
1 -14885 6
1 26940 0
1 32387 2
0 -16033 3
0 916 1
0 18350 0
0 -4429 4
0 -30958 5
0 -29705 6
0 13911 0
1 11332 2
1 -24980 3
1 -4264 1
0 28797 0
1 13166 4
1 -5374 5
1 -26315 6
1 -13584 0
1 6392 2
1 -28001 3
0 -7462 1
0 -4546 0
0 25423 4
0 2963 5
0 10922 6
1 -12528 0
1 19466 2
1 2509 3
1 22735 1
0 -30574 0
1 9795 4
0 -4188 5
0 -13534 6
0 27933 0
1 -28607 2
0 -7519 3
0 -24117 1
0 23374 0
0 16213 4
0 10592 5
0 29568 6
1 26540 0
1 -10474 2
1 -14050 3
1 -19656 1
1 -1773 0
1 -3271 4
1 -26226 5
1 45 6
0 11937 0
1 25147 2
1 5101 3
0 14681 1
0 9287 0
0 538 4
0 28190 5
0 -20433 6
1 5068 0
1 -28776 2
1 16179 3
1 -7256 1
0 -11993 0
1 19037 4
0 -2102 5
1 -26094 6
1 -17842 0
1 -25772 2
0 -19154 3
0 18698 1
0 3100 0
0 9590 4
0 5877 5
0 29138 6
0 3982 0
1 14503 2
1 -20683 3
1 -14816 1
0 -28552 0
1 28268 4
1 14042 5
1 11225 6
1 28828 0
1 4521 2
1 -25698 3
0 -9753 1
1 -27489 0
0 27113 4
0 30383 5
0 -29612 6
1 14430 0
1 -25537 2
1 11340 3
1 11201 1
0 6093 0
1 28489 4
0 -24509 5
0 14681 6
0 -24124 0
1 -27015 2
0 25126 3
0 -15369 1
0 -9935 0
0 13095 4
0 -5995 5
0 20867 6
1 28953 0
1 12482 2
1 -12099 3
1 15614 1
0 11308 0
1 14707 4
1 -21348 5
1 -1358 6
0 27880 0
1 -1107 2
1 8627 3
0 25872 1
0 -30207 0
0 -13252 4
0 -7985 5
0 -11824 6
1 -8304 0
1 -9411 2
1 -102 3
1 23325 1
1 -29675 0
1 -25335 4
0 14025 5
1 -15023 6
1 -17721 0
1 28928 2
0 -4050 3
0 29203 1
0 -26669 0
0 -25103 4
0 13111 5
0 -19595 6
0 -4898 0
1 -7048 2
1 335 3
1 -7758 1
0 -3104 0
1 -6342 4
1 -2745 5
1 12712 6
1 12371 0
1 -24624 2
1 21620 3
0 -20478 1
0 11620 0
0 30369 4
0 818 5
0 -19748 6
1 -1476 0
1 9043 2
1 -20981 3
1 -27682 1
0 -22233 0
1 3386 4
0 25864 5
0 -28956 6
0 30274 0
1 16798 2
0 -27037 3
0 13877 1
0 -30077 0
0 5539 4
0 27799 5
0 18909 6
1 14531 0
1 14447 2
1 -2692 3
1 13635 1
1 9118 0
1 28881 4
1 -11806 5
1 10595 6
0 9291 0
1 -24020 2
1 19704 3
0 31351 1
0 24734 0
0 -15597 4
0 -4873 5
0 28094 6
1 -28703 0
1 -18736 2
1 -29451 3
1 11851 1
0 -17533 0
1 21307 4
0 29312 5
1 23390 6
1 14544 0
1 21806 2
0 -21576 3
0 23956 1
0 24029 0
0 32037 4
0 -8002 5
0 24823 6
0 2105 0
1 -23766 2
1 20775 3
1 10847 1
0 -6825 0
1 -19437 4
1 -5498 5
1 -11616 6
1 12264 0
1 -23064 2
1 -26748 3
0 22538 1
1 -4010 0
0 -18159 4
0 -5914 5
0 -30508 6
1 16697 0
1 -7692 2
1 -22008 3
1 -1825 1
0 -2639 0
1 14485 4
0 4660 5
0 -217 6
0 -27141 0
1 18648 2
0 -2495 3
0 -12449 1
0 -2055 0
0 18299 4
0 -29374 5
0 14074 6
1 -19432 0
1 -12288 2
1 -26977 3
1 29200 1
0 -10183 0
1 14022 4
1 -18451 5
1 5253 6
0 29330 0
1 13878 2
1 -20743 3
0 -2599 1
0 9624 0
0 -2853 4
0 -12180 5
0 8075 6
1 10469 0
1 20545 2
1 -16554 3
1 9734 1
1 -31219 0
1 -24865 4
0 -14646 5
1 -12479 6
1 -7963 0
1 15836 2
0 15249 3
0 -7798 1
0 -6147 0
0 4311 4
0 20505 5
0 19008 6
0 -18704 0
1 12195 2
1 -31290 3
1 22027 1
0 -15520 0
1 -2985 4
1 -29325 5
1 3898 6
1 -20858 0
1 15469 2
1 -18081 3
0 21063 1
0 1431 0
0 -12306 4
0 -11994 5
0 -26935 6
1 22383 0
1 16141 2
1 -671 3
1 -11063 1
0 -30392 0
1 -6502 4
0 13905 5
0 -7515 6
0 -30781 0
1 7523 2
0 -25596 3
0 -17789 1
0 7085 0
0 -15625 4
0 27642 5
0 32122 6
1 25578 0
1 -13199 2
1 -10217 3
1 -20362 1
1 -7598 0
1 -739 4
1 1059 5
1 29015 6
0 -21292 0
1 20783 2
1 -6000 3
0 -5492 1
0 5828 0
0 -27130 4
0 -19517 5
0 11842 6
1 17192 0
1 -24886 2
1 19436 3
1 -32742 1
0 -20213 0
1 26633 4
0 -13728 5
1 22950 6
1 -23200 0
1 2052 2
0 -20075 3
0 26739 1
0 11501 0
0 20479 4
0 -25522 5
0 21665 6
0 31634 0
1 -16200 2
1 14240 3
1 29983 1
0 17292 0
1 17124 4
1 -18816 5
1 -6297 6
1 28643 0
1 -23590 2
1 -10435 3
0 1319 1
1 -12856 0
0 -3308 4
0 25287 5
0 -6548 6
1 -21565 0
1 -7573 2
1 -3655 3
1 -13954 1
0 -30305 0
1 20200 4
0 -32708 5
0 8659 6
0 4613 0
1 24950 2
0 -22957 3
0 12581 1
0 24496 0
0 26843 4
0 -29962 5
0 -29156 6
1 7297 0
1 21503 2
1 -31653 3
1 29298 1
0 32102 0
1 -7731 4
1 -19506 5
1 28580 6
0 -19165 0
1 -15065 2
1 30874 3
0 21505 1
0 22376 0
0 -29576 4
0 -30772 5
0 5902 6
1 27071 0
1 17110 2
1 -18369 3
1 17356 1
1 -16671 0
1 -9024 4
0 18914 5
1 30326 6
1 -18285 0
1 -967 2
0 -25986 3
0 -23313 1
0 -9606 0
0 1842 4
0 -8575 5
0 4452 6
0 -12453 0
1 23646 2
1 -20815 3
1 13067 1
0 22344 0
1 3278 4
1 24441 5
1 -23720 6
1 -4918 0
1 27760 2
1 -25803 3
0 -14062 1
0 30467 0
0 -16136 4
0 -25488 5
0 -19951 6
1 11071 0
1 27131 2
1 -1184 3
1 -29837 1
0 1742 0
1 18793 4
0 30262 5
0 2266 6
0 -14797 0
1 -15580 2
0 21932 3
0 -12603 1
0 -22516 0
0 -16568 4
0 26152 5
0 19363 6
1 16586 0
1 17620 2
1 -31084 3
1 -11059 1
1 -12675 0
1 10760 4
1 18071 5
1 10622 6
0 -24949 0
1 -21557 2
1 -9676 3
0 -21914 1
0 -5264 0
0 25482 4
0 -3510 5
0 -24200 6
1 13863 0
1 15127 2
1 5035 3
1 14717 1
0 30584 0
1 12650 4
0 20965 5
1 -13201 6
1 -28460 0
1 806 2
0 -25043 3
0 -15905 1
0 -31341 0
0 -17370 4
0 -16380 5
0 4516 6
0 -32094 0
1 8817 2
1 27626 3
1 -14047 1
0 2528 0
1 3238 4
1 -21324 5
1 10556 6
1 214 0
1 -2003 2
1 16214 3
0 -387 1
1 -29872 0
0 -18047 4
0 30729 5
0 14834 6
1 -18907 0
1 29146 2
1 -6005 3
1 -9783 1
0 -10887 0
1 -2555 4
0 14699 5
0 30557 6
0 -12122 0
1 15696 2
0 5672 3
0 2106 1
0 25810 0
0 4723 4
0 -9629 5
0 -29005 6
1 -13687 0
1 -3263 2
1 -12728 3
1 26530 1
0 7578 0
1 -9785 4
1 -32262 5
1 -26937 6
0 8471 0
1 -473 2
1 4843 3
0 -1887 1
0 5242 0
0 5219 4
0 12932 5
0 -31450 6
1 -22075 0
1 -10171 2
1 16752 3
1 9867 1
1 18227 0
1 -31518 4
0 -12288 5
1 -6740 6
1 -32702 0
1 28461 2
0 12759 3
0 9265 1
0 21918 0
0 14015 4
0 1043 5
0 -26657 6
0 21125 0
1 -29217 2
1 -2 3
1 -16527 1
0 -30840 0
1 2588 4
1 26592 5
1 15565 6
1 -5004 0
1 -22030 2
1 -17817 3
0 -12006 1
0 -3602 0
0 13086 4
0 -7316 5
0 15142 6
1 258 0
1 26929 2
1 9159 3
1 -21032 1
0 -17676 0
1 31035 4
0 26773 5
0 1553 6
0 6144 0
1 23044 2
0 5355 3
0 1648 1
0 -8357 0
0 13201 4
0 -27020 5
0 -993 6
1 -32496 0
1 -24164 2
1 11989 3
1 5964 1
1 25572 0
1 919 4
1 30144 5
1 -10814 6
0 20655 0
1 -32205 2
1 24462 3
0 23570 1
0 12367 0
0 927 4
0 24835 5
0 -17969 6
1 10332 0
1 22141 2
1 -18544 3
1 -12739 1
0 -5206 0
1 -858 4
0 18544 5
1 18078 6
1 11883 0
1 -18160 2
0 -21753 3
0 -19364 1
0 -17162 0
0 -17402 4
0 -9116 5
0 -14148 6
0 -21632 0
1 9715 2
1 3358 3
1 7433 1
0 6311 0
1 -22292 4
1 10479 5
1 14087 6
1 -11943 0
1 14455 2
1 14879 3
0 17291 1
1 8730 0
0 23544 4
0 16795 5
0 -19434 6
1 -642 0
1 -503 2
1 3636 3
1 17298 1
0 16162 0
1 -15787 4
0 -20842 5
0 -16861 6
0 53 0
1 23648 2
0 -10701 3
0 29918 1
0 -25799 0
0 -14374 4
0 -11736 5
0 -15531 6
1 -7367 0
1 9279 2
1 10321 3
1 -32062 1
0 -18833 0
1 -32441 4
1 -9651 5
1 -23710 6
0 20958 0
1 5339 2
1 -31058 3
0 12644 1
0 10525 0
0 3527 4
0 -19821 5
0 -11058 6
1 -1526 0
1 -20368 2
1 -21693 3
1 7761 1
1 10877 0
1 -25327 4
0 23011 5
1 29552 6
1 -6268 0
1 -17440 2
0 -22029 3
0 -20754 1
0 -13289 0
0 -23265 4
0 -30753 5
0 23674 6
0 2576 0
1 17267 2
1 17413 3
1 -20656 1
0 -6345 0
1 -16944 4
1 16755 5
1 -22062 6
1 -27479 0
1 -14382 2
1 24782 3
0 2296 1
0 -3435 0
0 -2781 4
0 15086 5
0 2885 6
1 21016 0
1 -14567 2
1 11204 3
1 -27066 1
0 739 0
1 22537 4
0 -31401 5
0 -666 6
0 13069 0
1 24950 2
0 437 3
0 -29969 1
0 22880 0
0 8990 4
0 2830 5
0 -14282 6
1 24508 0
1 -15097 2
1 -30749 3
1 31083 1
1 -27611 0
1 29016 4
1 -15994 5
1 2546 6
0 -31311 0
1 -30016 2
1 11242 3
0 -17736 1
0 3246 0
0 -19278 4
0 -20023 5
0 352 6
1 9433 0
1 -28861 2
1 -12959 3
1 -28259 1
0 19786 0
1 31430 4
0 25495 5
1 13788 6
1 13400 0
1 20714 2
0 26093 3
0 26329 1
0 12968 0
0 10290 4
0 23716 5
0 13850 6
0 -30565 0
1 14160 2
1 23897 3
1 8396 1
0 1993 0
1 -21435 4
1 8160 5
1 -1962 6
1 28337 0
1 8928 2
1 8560 3
0 25870 1
1 -628 0
0 -2204 4
0 -29478 5
0 26332 6
1 24402 0
1 -24792 2
1 5871 3
1 26655 1
0 1274 0
1 -23204 4
0 14185 5
0 -31972 6
0 25503 0
1 23934 2
0 -22936 3
0 -1020 1
0 261 0
0 7182 4
0 -28935 5
0 -29577 6
1 -32604 0
1 -11853 2
1 29292 3
1 23878 1
0 10600 0
1 -7646 4
1 -6668 5
1 -6320 6
0 -12555 0
1 9352 2
1 -27618 3
0 -2415 1
0 31558 0
0 5440 4
0 -6572 5
0 28799 6
1 -18753 0
1 28333 2
1 -25047 3
1 -28846 1
1 -28937 0
1 -30185 4
0 -22932 5
1 -27583 6
1 16411 0
1 -5528 2
0 25749 3
0 -30395 1
0 -29596 0
0 20916 4
0 -4911 5
0 -28804 6
0 -15049 0
1 -8605 2
1 -24858 3
1 -18998 1
0 29006 0
1 7862 4
1 13813 5
1 17829 6
1 -2609 0
1 25981 2
1 -26814 3
0 -9087 1
0 -22966 0
0 -15686 4
0 10316 5
0 3934 6
1 -19499 0
1 -3952 2
1 -19396 3
1 -10779 1
0 2479 0
1 13941 4
0 -1513 5
0 -24982 6
0 31438 0
1 17912 2
0 4272 3
0 20300 1
0 19859 0
0 28622 4
0 51 5
0 8791 6
1 19685 0
1 -11348 2
1 -5706 3
1 -28498 1
1 -31319 0
1 2965 4
1 -21830 5
1 32714 6
0 14388 0
1 -3939 2
1 31492 3
0 -163 1
0 30903 0
0 20112 4
0 15673 5
0 -24176 6
1 -10489 0
1 27613 2
1 -23373 3
1 -10931 1
0 32256 0
1 15955 4
0 2168 5
1 9971 6
1 -13149 0
1 -28856 2
0 25348 3
0 27364 1
0 -16207 0
0 479 4
0 -10577 5
0 27719 6
0 -21332 0
1 -22908 2
1 -29912 3
1 -20384 1
0 1464 0
1 31402 4
1 -12083 5
1 -8761 6
1 21553 0
1 -17908 2
1 26659 3
0 -9652 1
1 -5999 0
0 1618 4
0 16965 5
0 -13891 6
1 24307 0
1 -21454 2
1 -6321 3
1 23667 1
0 -28151 0
1 19626 4
0 17853 5
0 5376 6
0 31190 0
1 -17503 2
0 12497 3
0 7347 1
0 -31929 0
0 -8032 4
0 25856 5
0 16307 6
1 -3986 0
1 25880 2
1 17292 3
1 -24384 1
0 -903 0
1 -13752 4
1 29352 5
1 -28484 6
0 -26447 0
1 13652 2
1 16968 3
0 12806 1
0 -7385 0
0 15652 4
0 -9298 5
0 -4043 6
1 -7029 0
1 -19349 2
1 4208 3
1 9988 1
1 13823 0
1 -34 4
0 -27975 5
1 1351 6
1 -31077 0
1 -15334 2
0 17800 3
0 -2248 1
0 1569 0
0 -13313 4
0 -14420 5
0 25066 6
0 -1464 0
1 8103 2
1 30722 3
1 10757 1
0 6238 0
1 21866 4
1 -23274 5
1 -14849 6
1 29999 0
1 -14111 2
1 14306 3
0 -29979 1
0 -14197 0
0 -22487 4
0 -28315 5
0 12924 6
1 -19356 0
1 22851 2
1 14897 3
1 -25818 1
0 28690 0
1 23730 4
0 858 5
0 25151 6
0 -5088 0
1 18289 2
0 -19298 3
0 19793 1
0 -5779 0
0 14254 4
0 16262 5
0 11022 6
1 -9819 0
1 -7474 2
1 6834 3
1 -9901 1
1 13273 0
1 -28555 4
1 31750 5
1 847 6
0 12063 0
1 -26126 2
1 6353 3
0 -1409 1
0 5349 0
0 -3667 4
0 -9136 5
0 27117 6
1 25052 0
1 -21124 2
1 3363 3
1 952 1
0 19193 0
1 11510 4
0 13239 5
1 -30954 6
1 -8162 0
1 19685 2
0 -29417 3
0 19433 1
0 -32317 0
0 -10122 4
0 -29695 5
0 5248 6
0 30296 0
1 30335 2
1 -4541 3
1 -27723 1
0 -12302 0
1 30609 4
1 -27021 5
1 14742 6
1 24506 0
1 -25944 2
1 -17767 3
0 -4701 1
1 -22507 0
0 -5452 4
0 -20187 5
0 -31280 6
1 21381 0
1 -4228 2
1 1795 3
1 -25589 1
0 -12666 0
1 -25877 4
0 7506 5
0 -29544 6
0 -28333 0
1 7583 2
0 -18007 3
0 -10177 1
0 24466 0
0 23794 4
0 10029 5
0 -21176 6
1 387 0
1 26059 2
1 -26011 3
1 -18330 1
0 28638 0
1 21475 4
1 25795 5
1 13796 6
0 15666 0
1 -3645 2
1 -14586 3
0 26892 1
0 6325 0
0 -11590 4
0 8025 5
0 30482 6
1 15551 0
1 28204 2
1 26442 3
1 -13510 1
1 30924 0
1 -27198 4
0 30744 5
1 29239 6
1 561 0
1 -6565 2
0 -2429 3
0 -1973 1
0 -14803 0
0 9291 4
0 20572 5
0 -4737 6
0 -11521 0
1 -10439 2
1 1444 3
1 -20876 1
0 12539 0
1 16389 4
1 10510 5
1 25599 6
1 11012 0
1 14036 2
1 21894 3
0 30688 1
0 8211 0
0 16292 4
0 17810 5
0 -5471 6
1 -8793 0
1 19146 2
1 -16236 3
1 -246 1
0 3513 0
1 18018 4
0 -7612 5
0 -6933 6
0 19517 0
1 -29777 2
0 20924 3
0 2383 1
0 28385 0
0 -9550 4
0 30226 5
0 17821 6
1 -22329 0
1 -2722 2
1 27688 3
1 -32042 1
1 24814 0
1 -23644 4
1 -20677 5
1 10156 6
0 7128 0
1 10511 2
1 -30181 3
0 -11993 1
0 -3983 0
0 -27166 4
0 -6864 5
0 -11944 6
1 -26670 0
1 9576 2
1 31686 3
1 32289 1
0 12636 0
1 8060 4
0 -4296 5
1 16005 6
1 -19853 0
1 4540 2
0 11224 3
0 5212 1
0 -32739 0
0 -23335 4
0 1639 5
0 -8591 6
0 -21619 0
1 11615 2
1 6142 3
1 -32260 1
0 -14012 0
1 -26116 4
1 -32554 5
1 25236 6
1 -29723 0
1 -30039 2
1 20672 3
0 20296 1
1 25706 0
0 29012 4
0 -18100 5
0 -25655 6
1 -25301 0
1 -12362 2
1 -11278 3
1 337 1
0 -14597 0
1 6989 4
0 -16130 5
0 21213 6
0 20672 0
1 -19005 2
0 -5893 3
0 -31127 1
0 4016 0
0 -26443 4
0 -335 5
0 32048 6
1 -24233 0
1 27397 2
1 -11958 3
1 25704 1
0 15221 0
1 27604 4
1 -21815 5
1 -1595 6
0 -26839 0
1 -25523 2
1 31407 3
0 -7658 1
0 8859 0
0 -12756 4
0 -8717 5
0 -28307 6
1 -6548 0
1 30061 2
1 31624 3
1 -9271 1
1 29921 0
1 10614 4
0 -28861 5
1 1599 6
1 24815 0
1 -21809 2
0 6356 3
0 18337 1
0 -9375 0
0 29242 4
0 -24868 5
0 32565 6
0 14742 0
1 -12670 2
1 -4304 3
1 -11375 1
0 7993 0
1 -23702 4
1 9584 5
1 -14481 6
1 12057 0
1 2678 2
1 -17649 3
0 14101 1
0 -17216 0
0 28766 4
0 -30779 5
0 -30032 6
1 -6025 0
1 -29628 2
1 29966 3
1 4789 1
0 4727 0
1 8510 4
0 30028 5
0 20198 6
0 12235 0
1 -26057 2
0 -21129 3
0 29585 1
0 -27836 0
0 -32317 4
0 -25494 5
0 -1799 6
1 -31567 0
1 -32427 2
1 -4857 3
1 -16690 1
1 20017 0
1 -1226 4
1 -7122 5
1 -6676 6
0 31235 0
1 -217 2
1 -19004 3
0 -21157 1
0 17943 0
0 29775 4
0 -3609 5
0 -19193 6
1 26182 0
1 11137 2
1 -31489 3
1 19150 1
0 29098 0
1 21347 4
0 -2758 5
1 17287 6
1 4151 0
1 4968 2
0 1917 3
0 27297 1
0 -22760 0
0 -25859 4
0 -2577 5
0 -20217 6
0 2736 0
1 28011 2
1 -26843 3
1 -4647 1
0 8342 0
1 -25687 4
1 -893 5
1 -10243 6
1 -23810 0
1 13982 2
1 -22508 3
0 -30425 1
1 5659 0
0 -2596 4
0 18674 5
0 -28347 6
1 14332 0
1 25311 2
1 -13644 3
1 -3903 1
0 15670 0
1 30237 4
0 -3704 5
0 -28629 6
0 -13143 0
1 -25426 2
0 29308 3
0 3683 1
0 16740 0
0 -26900 4
0 -24091 5
0 26602 6
1 10324 0
1 -1755 2
1 -2273 3
1 -5117 1
0 6238 0
1 -10883 4
1 24741 5
1 19214 6
0 -27887 0
1 22659 2
1 -25182 3
0 -23600 1
0 27109 0
0 -23140 4
0 -4407 5
0 -14742 6
1 -16865 0
1 -1067 2
1 956 3
1 19969 1
1 16944 0
1 16903 4
0 -350 5
1 24606 6
1 9656 0
1 -30028 2
0 25434 3
0 -21705 1
0 -28788 0
0 17207 4
0 -22585 5
0 -1801 6
0 538 0
1 15918 2
1 14962 3
1 18176 1
0 -10420 0
1 262 4
1 19713 5
1 3773 6
1 -833 0
1 -11880 2
1 -21844 3
0 1692 1
0 14207 0
0 10659 4
0 -22366 5
0 -1155 6
1 30588 0
1 -18428 2
1 -22760 3
1 -6678 1
0 1672 0
1 11165 4
0 -10808 5
0 28337 6
0 26201 0
1 -19506 2
0 -12169 3
0 20750 1
0 4434 0
0 -30572 4
0 -32562 5
0 29460 6
1 -30244 0
1 28820 2
1 -20884 3
1 -8091 1
1 -8060 0
1 19244 4
1 -3362 5
1 -18922 6
0 -17944 0
1 8825 2
1 -26734 3
0 -15237 1
0 -15012 0
0 -979 4
0 -9051 5
0 7210 6
1 -31753 0
1 17039 2
1 -6319 3
1 4649 1
0 18149 0
1 22343 4
0 -22534 5
1 -26759 6
1 728 0
1 -404 2
0 -25726 3
0 19126 1
0 23283 0
0 32207 4
0 25767 5
0 -13087 6
0 7342 0
1 -17687 2
1 29413 3
1 12716 1
0 27298 0
1 -29379 4
1 -19874 5
1 -29290 6
1 -16035 0
1 -20540 2
1 -23662 3
0 18635 1
1 29325 0
0 -9638 4
0 -28574 5
0 -23858 6
1 -9255 0
1 -12284 2
1 3433 3
1 -31192 1
0 -31576 0
1 -593 4
0 -2891 5
0 -7183 6
0 -12296 0
1 -19097 2
0 -32233 3
0 -29131 1
0 -29260 0
0 -26244 4
0 -12866 5
0 -6154 6
1 17142 0
1 -1526 2
1 -2816 3
1 -20232 1
0 31358 0
1 -4925 4
1 -21935 5
1 6191 6
0 -21760 0
1 -5841 2
1 10404 3
0 29232 1
0 7238 0
0 -24174 4
0 -15602 5
0 1910 6
1 -14582 0
1 -2254 2
1 -19821 3
1 -18453 1
1 -3422 0
1 17295 4
0 24504 5
1 -29180 6
1 3278 0
1 23459 2
0 20091 3
0 -30001 1
0 21523 0
0 13391 4
0 13129 5
0 -18590 6
0 -14621 0
1 31524 2
1 -19747 3
1 -32626 1
0 24287 0
1 28584 4
1 25414 5
1 -3133 6
1 16893 0
1 -9727 2
1 17051 3
0 -8871 1
0 30558 0
0 30422 4
0 28369 5
0 385 6
1 2325 0
1 7603 2
1 -16202 3
1 -19945 1
0 -32240 0
1 10073 4
0 29783 5
0 16911 6
0 4880 0
1 -6145 2
0 -25861 3
0 -3114 1
0 -1178 0
0 -23139 4
0 19661 5
0 -4207 6
1 -8226 0
1 -16715 2
1 1235 3
1 22438 1
1 -19659 0
1 28914 4
1 3358 5
1 -11964 6
0 16280 0
1 22631 2
1 11111 3
0 10150 1
0 2524 0
0 -32162 4
0 25559 5
0 -1562 6
1 -26035 0
1 5535 2
1 5409 3
1 14740 1
0 -31603 0
1 -18860 4
0 23245 5
1 -26923 6
1 20763 0
1 21582 2
0 20072 3
0 -30068 1
0 16523 0
0 31807 4
0 24341 5
0 -22530 6
0 20063 0
1 -28413 2
1 29917 3
1 -19586 1
0 -26380 0
1 -31611 4
1 10025 5
1 27578 6
1 -28393 0
1 2066 2
1 13070 3
0 27721 1
1 16885 0
0 10339 4
0 -1642 5
0 17106 6
1 7183 0
1 -17347 2
1 24052 3
1 29000 1
0 -9693 0
1 -6593 4
0 -361 5
0 26604 6
0 8455 0
1 -12223 2
0 -8210 3
0 -8564 1
0 -29389 0
0 5573 4
0 6353 5
0 -29332 6
1 24160 0
1 3916 2
1 -10427 3
1 -4734 1
0 14132 0
1 32015 4
1 -6371 5
1 -20142 6
0 -6014 0
1 31454 2
1 5317 3
0 24597 1
0 23858 0
0 7764 4
0 12920 5
0 -854 6
1 10120 0
1 21457 2
1 10737 3
1 2932 1
1 -28811 0
1 -2241 4
0 16320 5
1 -28179 6
1 -19361 0
1 -7889 2
0 18949 3
0 -5961 1
0 -7225 0
0 -21802 4
0 -15344 5
0 -28883 6
0 -7010 0
1 11828 2
1 -28675 3
1 -9312 1
0 11702 0
1 25483 4
1 -16933 5
1 -10877 6
1 -22813 0
1 16691 2
1 -28937 3
0 4852 1
0 -31551 0
0 -19912 4
0 -30047 5
0 -26499 6
1 17692 0
1 -3223 2
1 -1762 3
1 -19722 1
0 -25174 0
1 24298 4
0 12978 5
0 -3904 6
0 24661 0
1 22835 2
0 -8313 3
0 21576 1
0 -11789 0
0 6031 4
0 -6646 5
0 13609 6
1 -4504 0
1 800 2
1 29805 3
1 -32381 1
1 28076 0
1 -9379 4
1 -30234 5
1 25980 6
0 -20917 0
1 -24972 2
1 -26862 3
0 -23475 1
0 -17514 0
0 9219 4
0 -13035 5
0 -23763 6
1 -3741 0
1 -27708 2
1 19335 3
1 15489 1
0 30405 0
1 -17734 4
0 11647 5
1 -18299 6
1 24051 0
1 -29594 2
0 -5944 3
0 -23327 1
0 13192 0
0 -17080 4
0 23296 5
0 11044 6
0 -20087 0
1 -21884 2
1 -30468 3
1 27613 1
0 27926 0
1 -26028 4
1 1900 5
1 -8444 6
1 805 0
1 19511 2
1 5828 3
0 19968 1
1 -23482 0
0 -11106 4
0 -25758 5
0 13832 6
1 29265 0
1 -17680 2
1 -2860 3
1 -19350 1
0 3703 0
1 12823 4
0 4715 5
0 18896 6
0 6813 0
1 23688 2
0 6626 3
0 27957 1
0 29096 0
0 3947 4
0 -9854 5
0 -2051 6
1 15538 0
1 -385 2
1 17597 3
1 8653 1
0 -12284 0
1 2058 4
1 28087 5
1 5924 6
0 24270 0
1 -12832 2
1 -23190 3
0 -31092 1
0 6044 0
0 -22585 4
0 3963 5
0 29100 6
1 -13964 0
1 6944 2
1 21131 3
1 -7705 1
1 -32547 0
1 -32162 4
0 14238 5
1 -8303 6
1 -27818 0
1 -20870 2
0 -18865 3
0 -17091 1
0 25558 0
0 -20039 4
0 26486 5
0 -27069 6
0 -17859 0
1 163 2
1 -23026 3
1 -1401 1
0 29942 0
1 19688 4
1 11954 5
1 -16680 6
1 -29381 0
1 -2410 2
1 26098 3
0 261 1
0 17541 0
0 -30321 4
0 8657 5
0 18314 6
1 -25622 0
1 -5048 2
1 -30403 3
1 -10350 1
0 14530 0
1 -5005 4
0 9742 5
0 10797 6
0 17649 0
1 -11807 2
0 -2397 3
0 -30066 1
0 -11459 0
0 9021 4
0 -13319 5
0 -18199 6
1 -20619 0
1 5801 2
1 22172 3
1 8716 1
1 24690 0
1 15338 4
1 -3563 5
1 -2610 6
0 -20143 0
1 27636 2
1 -3684 3
0 6613 1
0 21060 0
0 27114 4
0 -12677 5
0 14697 6
1 13360 0
1 -5376 2
1 -9773 3
1 8458 1
0 9280 0
1 -6190 4
0 6292 5
1 -19260 6
1 23505 0
1 15298 2
0 12991 3
0 -19283 1
0 1802 0
0 -25683 4
0 23641 5
0 2316 6
0 26138 0
1 32041 2
1 -25548 3
1 -7542 1
0 -15476 0
1 -19912 4
1 17101 5
1 24380 6
1 -25430 0
1 25235 2
1 24466 3
0 -18652 1
1 9874 0
0 15160 4
0 30793 5
0 -29542 6
1 -14220 0
1 -11224 2
1 32578 3
1 -15924 1
0 17207 0
1 1412 4
0 -2713 5
0 2284 6
0 3057 0
1 -9651 2
0 27550 3
0 16955 1
0 -17970 0
0 -22553 4
0 -22385 5
0 -21454 6
1 4332 0
1 -7647 2
1 -15959 3
1 17983 1
0 -1001 0
1 10753 4
1 15878 5
1 28748 6
0 26869 0
1 18357 2
1 -5618 3
0 -1021 1
0 -14075 0
0 -30889 4
0 -8336 5
0 25599 6
1 -13284 0
1 15437 2
1 12766 3
1 -32344 1
1 -32112 0
1 -23675 4
0 10621 5
1 23300 6
1 19259 0
1 15531 2
0 3552 3
0 8219 1
0 18718 0
0 16178 4
0 8377 5
0 32032 6
0 -9216 0
1 16682 2
1 -6136 3
1 -20412 1
0 -4286 0
1 -26708 4
1 -1906 5
1 8892 6
1 31905 0
1 11041 2
1 -7968 3
0 -12062 1
0 -22461 0
0 22501 4
0 -354 5
0 -28725 6
1 -14199 0
1 9483 2
1 5705 3
1 32355 1
0 -19671 0
1 4041 4
0 20355 5
0 -16648 6
0 -5574 0
1 -16775 2
0 639 3
0 23491 1
0 -7947 0
0 -8283 4
0 24410 5
0 -31508 6
1 30920 0
1 -32210 2
1 -19698 3
1 10292 1
1 -101 0
1 -14802 4
1 22098 5
1 -17502 6
0 18861 0
1 -16097 2
1 -11369 3
0 487 1
0 19204 0
0 7441 4
0 13725 5
0 -16795 6
1 17051 0
1 -11254 2
1 -32093 3
1 -29724 1
0 -18154 0
1 7075 4
0 29551 5
1 9578 6
1 19206 0
1 -16147 2
0 29653 3
0 -29267 1
0 10098 0
0 27641 4
0 11303 5
0 5445 6
0 -3400 0
1 31480 2
1 3015 3
1 18515 1
0 31961 0
1 9529 4
1 -25334 5
1 5681 6
1 5999 0
1 18739 2
1 12479 3
0 9705 1
1 -16951 0
0 15867 4
0 11892 5
0 -25656 6
1 26120 0
1 14364 2
1 -32369 3
1 1174 1
0 17128 0
1 -7064 4
0 7136 5
0 30221 6
0 6769 0
1 -10223 2
0 12215 3
0 -13373 1
0 -27025 0
0 -32188 4
0 16700 5
0 -19530 6
1 -23723 0
1 17057 2
1 26173 3
1 -25941 1
0 6534 0
1 -23315 4
1 -30171 5
1 -25498 6
0 15638 0
1 -3732 2
1 -2772 3
0 -20569 1
0 8418 0
0 19393 4
0 -26800 5
0 9021 6
1 25854 0
1 -14471 2
1 -4479 3
1 -27483 1
1 -19037 0
1 -3399 4
0 -25385 5
1 17405 6
1 -10923 0
1 -16520 2
0 -12209 3
0 -28110 1
0 21344 0
0 1516 4
0 -15567 5
0 1330 6
0 16292 0
1 -26534 2
1 15780 3
1 28861 1
0 -26768 0
1 2555 4
1 8813 5
1 26196 6
1 17622 0
1 -2935 2
1 -17174 3
0 -12807 1
0 -532 0
0 11127 4
0 -15966 5
0 -21471 6
1 27525 0
1 17263 2
1 7075 3
1 15595 1
0 22617 0
1 23156 4
0 -8264 5
0 177 6
0 23918 0
1 15970 2
0 25084 3
0 12405 1
0 18068 0
0 8267 4
0 16361 5
0 -23659 6
1 135 0
1 -24438 2
1 23923 3
1 -7570 1
1 31388 0
1 -2135 4
1 26947 5
1 12097 6
0 -32128 0
1 -12540 2
1 -22630 3
0 21827 1
0 8541 0
0 -19354 4
0 31179 5
0 9225 6
1 26570 0
1 27877 2
1 -30255 3
1 7256 1
0 -17757 0
1 23616 4
0 -2696 5
1 -15295 6
1 5225 0
1 -9739 2
0 13831 3
0 8745 1
0 -25024 0
0 -5016 4
0 -11939 5
0 -30973 6
0 8859 0
1 15986 2
1 -21237 3
1 29649 1
0 -28189 0
1 -30054 4
1 8624 5
1 21148 6
1 -6247 0
1 -1512 2
1 32173 3
0 23008 1
1 15091 0
0 -14999 4
0 10169 5
0 -25260 6
1 -6766 0
1 11394 2
1 23369 3
1 -27471 1
0 9630 0
1 -4474 4
0 -1042 5
0 -23606 6
0 -26964 0
1 -18640 2
0 12341 3
0 -8033 1
0 -32738 0
0 285 4
0 21928 5
0 8169 6
1 -15262 0
1 2082 2
1 13077 3
1 8005 1
0 -19043 0
1 32183 4
1 2384 5
1 6524 6
0 -8632 0
1 -14549 2
1 -2940 3
0 19423 1
0 11616 0
0 -6402 4
0 24647 5
0 -107 6
1 -18176 0
1 -17257 2
1 1539 3
1 25550 1
1 -27070 0
1 25920 4
0 12669 5
1 11588 6
1 -29736 0
1 -4578 2
0 -14632 3
0 17701 1
0 22223 0
0 7469 4
0 20908 5
0 -14056 6
0 32117 0
1 5302 2
1 -6839 3
1 -11004 1
0 -2483 0
1 12054 4
1 2122 5
1 -18445 6
1 -6362 0
1 -11612 2
1 26006 3
0 19915 1
0 22624 0
0 17737 4
0 18806 5
0 13934 6
1 31699 0
1 16552 2
1 -22685 3
1 27527 1
0 8147 0
1 6881 4
0 -26464 5
0 17222 6
0 -24649 0
1 -11787 2
0 -25252 3
0 -24311 1
0 -4316 0
0 -14348 4
0 30197 5
0 -32631 6
1 -4070 0
1 -10814 2
1 -25250 3
1 13803 1
1 1700 0
1 -21706 4
1 16108 5
1 -1938 6
0 12741 0
1 6172 2
1 3025 3
0 12853 1
0 4487 0
0 9957 4
0 -13191 5
0 1545 6
1 4155 0
1 4546 2
1 -16434 3
1 -20564 1
0 27046 0
1 12126 4
0 2989 5
1 3458 6
1 -12379 0
1 -7435 2
0 8150 3
0 16819 1
0 -28272 0
0 -28998 4
0 9326 5
0 -16702 6
0 9 0
1 18213 2
1 14234 3
1 -18306 1
0 -16317 0
1 -1884 4
1 -21657 5
1 -32236 6
1 -17596 0
1 -12936 2
1 20550 3
0 9305 1
1 13139 0
0 -6276 4
0 -3422 5
0 1520 6
1 32496 0
1 -17745 2
1 -20507 3
1 8414 1
0 18947 0
1 -2052 4
0 28055 5
0 1194 6
0 2013 0
1 7597 2
0 -991 3
0 11033 1
0 -31465 0
0 -17093 4
0 -24664 5
0 16371 6
1 16047 0
1 -20944 2
1 -17355 3
1 -24125 1
0 -22876 0
1 10374 4
1 -13700 5
1 17606 6
0 944 0
1 27395 2
1 -14442 3
0 -17685 1
0 26313 0
0 18122 4
0 19723 5
0 -31144 6
1 -26308 0
1 -18207 2
1 2421 3
1 -21586 1
1 6230 0
1 850 4
0 -6227 5
1 26314 6
1 18047 0
1 -17105 2
0 -13032 3
0 12741 1
0 -14570 0
0 8201 4
0 -28536 5
0 -27038 6
0 -21326 0
1 -5270 2
1 -20455 3
1 3617 1
0 19845 0
1 264 4
1 31897 5
1 2196 6
1 3371 0
1 -3796 2
1 -7416 3
0 -27706 1
0 16389 0
0 -25491 4
0 -12842 5
0 4764 6
1 -13624 0
1 -24100 2
1 -16010 3
1 -7615 1
0 11101 0
1 -26420 4
0 6168 5
0 -14624 6
0 -29929 0
1 22310 2
0 18309 3
0 -28677 1
0 -19743 0
0 2569 4
0 15958 5
0 6162 6
1 6678 0
1 6384 2
1 -20877 3
1 15046 1
1 -32592 0
1 6213 4
1 13213 5
1 -636 6
0 -23822 0
1 22663 2
1 10889 3
0 -14631 1
0 31506 0
0 24464 4
0 -4861 5
0 -1067 6
1 526 0
1 20867 2
1 -4335 3
1 28959 1
0 3420 0
1 32531 4
0 18987 5
1 29285 6
1 24904 0
1 6900 2
0 26982 3
0 23294 1
0 -27650 0
0 31225 4
0 -29362 5
0 -702 6
0 -12472 0
1 8777 2
1 30987 3
1 20825 1
0 3945 0
1 -11696 4
1 14056 5
1 -10742 6
1 -24639 0
1 -27448 2
1 19451 3
0 -9905 1
1 17241 0
0 -31138 4
0 19837 5
0 6567 6
1 -18792 0
1 -8593 2
1 -18833 3
1 31758 1
0 4785 0
1 18835 4
0 3207 5
0 3428 6
0 -10342 0
1 -31397 2
0 -19732 3
0 -26946 1
0 -30568 0
0 4417 4
0 16675 5
0 -22976 6
1 32478 0
1 -20 2
1 10896 3
1 13724 1
0 -27599 0
1 -15441 4
1 -7658 5
1 -8596 6
0 3088 0
1 18096 2
1 18703 3
0 -19515 1
0 -15353 0
0 27818 4
0 5765 5
0 -11588 6
1 13139 0
1 3252 2
1 -12815 3
1 12331 1
1 18172 0
1 -30309 4
0 -10628 5
1 -18788 6
1 29263 0
1 8048 2
0 15848 3
0 -12370 1
0 -9288 0
0 22867 4
0 -28323 5
0 7701 6
0 -832 0
1 -26150 2
1 -18388 3
1 -15815 1
0 -23098 0
1 -15348 4
1 3793 5
1 19914 6
1 -6731 0
1 -14858 2
1 7961 3
0 -10696 1
0 -10618 0
0 -9786 4
0 -22947 5
0 1027 6
1 15905 0
1 -22452 2
1 -29184 3
1 -28228 1
0 -2974 0
1 30327 4
0 13177 5
0 -15716 6
0 6751 0
1 -1373 2
0 -14315 3
0 -9003 1
0 -3274 0
0 -11432 4
0 4670 5
0 32415 6
1 -27571 0
1 -31456 2
1 -11117 3
1 -9610 1
1 -3448 0
1 10908 4
1 -27383 5
1 20986 6
0 14661 0
1 32175 2
1 19520 3
0 23069 1
0 7311 0
0 -8669 4
0 15542 5
0 -2223 6
1 27781 0
1 30360 2
1 29393 3
1 -17041 1
0 -21118 0
1 -22510 4
0 25197 5
1 16579 6
1 30005 0
1 21433 2
0 25155 3
0 1593 1
0 -31877 0
0 26096 4
0 -13212 5
0 -10063 6
0 13590 0
1 -244 2
1 3431 3
1 -1197 1
0 23507 0
1 5451 4
1 13109 5
1 18761 6
1 -22961 0
1 -21837 2
1 -17854 3
0 -5253 1
1 -8469 0
0 -25431 4
0 16918 5
0 23231 6
1 -7505 0
1 10418 2
1 -11966 3
1 -28745 1
0 -12912 0
1 27227 4
0 -6384 5
0 -6654 6
0 6175 0
1 -18750 2
0 3861 3
0 12289 1
0 -19056 0
0 18389 4
0 -12677 5
0 27646 6
1 -14481 0
1 -11807 2
1 -17908 3
1 -8468 1
0 -20265 0
1 18289 4
1 9856 5
1 -23807 6
0 17478 0
1 -26264 2
1 -24810 3
0 -16060 1
0 2802 0
0 -22936 4
0 20211 5
0 -27246 6
1 -15990 0
1 -29610 2
1 93 3
1 -1139 1
1 -13124 0
1 29468 4
0 30774 5
1 -25445 6
1 24263 0
1 -26049 2
0 -11026 3
0 28340 1
0 15018 0
0 8525 4
0 15715 5
0 25779 6
0 -26105 0
1 -12510 2
1 -12017 3
1 9194 1
0 -26787 0
1 -13171 4
1 -26197 5
1 -133 6
1 -25594 0
1 -21287 2
1 -3261 3
0 -308 1
0 -4837 0
0 12280 4
0 -32179 5
0 17647 6
1 -28331 0
1 26010 2
1 -2588 3
1 2108 1
0 -26947 0
1 17657 4
0 -21681 5
0 24957 6
0 -3855 0
1 -16488 2
0 -27366 3
0 9747 1
0 -19303 0
0 -2662 4
0 12902 5
0 -26654 6
1 22046 0
1 12181 2
1 -28052 3
1 -21843 1
1 -22855 0
1 28645 4
1 8959 5
1 27511 6
0 31496 0
1 -26748 2
1 -4279 3
0 -185 1
0 -14187 0
0 8359 4
0 23313 5
0 25809 6
1 -20763 0
1 -32653 2
1 -5379 3
1 30797 1
0 20067 0
1 -8472 4
0 -32347 5
1 23931 6
1 -4562 0
1 -25563 2
0 20628 3
0 11533 1
0 29813 0
0 18618 4
0 -6361 5
0 3671 6
0 -1451 0
1 12306 2
1 10323 3
1 -6916 1
0 12729 0
1 -16042 4
1 -29074 5
1 16886 6
1 -13145 0
1 30647 2
1 21551 3
0 2406 1
1 26148 0
0 -30378 4
0 26805 5
0 -936 6
1 -22184 0
1 -25280 2
1 -28960 3
1 21285 1
0 -24783 0
1 -27337 4
0 26426 5
0 30551 6
0 25571 0
1 32551 2
0 -1400 3
0 21711 1
0 -18478 0
0 -22440 4
0 29689 5
0 1188 6
1 -21809 0
1 -6470 2
1 -28919 3
1 -13301 1
0 -10673 0
1 5223 4
1 -6455 5
1 -18437 6
0 6549 0
1 -1430 2
1 30992 3
0 -24148 1
0 24242 0
0 -18989 4
0 -32280 5
0 -24775 6
1 22276 0
1 21822 2
1 32731 3
1 -10847 1
1 19641 0
1 -9315 4
0 13849 5
1 -14887 6
1 3147 0
1 -7841 2
0 -29482 3
0 24119 1
0 6670 0
0 2189 4
0 -6842 5
0 16499 6
0 15121 0
1 -14212 2
1 3485 3
1 18700 1
0 -29065 0
1 -21921 4
1 14006 5
1 -23233 6
1 24898 0
1 1005 2
1 3088 3
0 7893 1
0 7906 0
0 -18855 4
0 14902 5
0 -30433 6
1 -20505 0
1 13531 2
1 -25562 3
1 -10542 1
0 -1493 0
1 16858 4
0 7171 5
0 23895 6
0 8314 0
1 -15796 2
0 -191 3
0 -15183 1
0 -7910 0
0 -6261 4
0 21950 5
0 9721 6
1 -29437 0
1 -32119 2
1 6470 3
1 -14199 1
1 19378 0
1 -27624 4
1 15812 5
1 -23816 6
0 -12001 0
1 8726 2
1 -25488 3
0 -16303 1
0 -11547 0
0 -1104 4
0 6469 5
0 25276 6
1 18324 0
1 23175 2
1 23471 3
1 23105 1
0 -13491 0
1 32047 4
0 -405 5
1 -23725 6
1 -12578 0
1 8829 2
0 23885 3
0 -10122 1
0 14696 0
0 13029 4
0 -11714 5
0 31925 6
0 9146 0
1 -25561 2
1 -29467 3
1 -32533 1
0 271 0
1 -6500 4
1 1496 5
1 20440 6
1 2376 0
1 -6588 2
1 11127 3
0 24548 1
1 -30079 0
0 -12819 4
0 -24923 5
0 -27201 6
1 16631 0
1 28911 2
1 4584 3
1 3550 1
0 -24836 0
1 -13314 4
0 -12741 5
0 9746 6
0 18942 0
1 -25408 2
0 15333 3
0 7946 1
0 -30444 0
0 -21058 4
0 -5168 5
0 -32482 6
1 15707 0
1 -14318 2
1 16141 3
1 28704 1
0 26702 0
1 -31318 4
1 -9071 5
1 -15413 6
0 -11055 0
1 5034 2
1 -23817 3
0 -25922 1
0 8378 0
0 26140 4
0 -25707 5
0 6294 6
1 31369 0
1 3828 2
1 30553 3
1 20235 1
1 157 0
1 -3622 4
0 14178 5
1 -8212 6
1 28596 0
1 7937 2
0 27701 3
0 13673 1
0 16198 0
0 13799 4
0 -23459 5
0 -4922 6
0 -24559 0
1 1839 2
1 -14642 3
1 27038 1
0 -5976 0
1 16958 4
1 21894 5
1 16115 6
1 -20544 0
1 9604 2
1 6024 3
0 4500 1
0 -12305 0
0 21306 4
0 8743 5
0 6238 6
1 13470 0
1 15873 2
1 -17298 3
1 -8423 1
0 -31586 0
1 -25007 4
0 -22071 5
0 16916 6
0 10972 0
1 18034 2
0 21963 3
0 21928 1
0 11211 0
0 12272 4
0 -30435 5
0 21703 6
1 20703 0
1 5482 2
1 21385 3
1 20370 1
1 -12696 0
1 -12991 4
1 22872 5
1 -24538 6
0 20456 0
1 -205 2
1 -5923 3
0 23090 1
0 -19157 0
0 23859 4
0 26064 5
0 -9755 6
1 -10432 0
1 20025 2
1 -11284 3
1 -1494 1
0 13128 0
1 -29440 4
0 12070 5
1 30059 6
1 -20839 0
1 -8203 2
0 24037 3
0 -22804 1
0 24796 0
0 11918 4
0 -29357 5
0 25976 6
0 1742 0
1 -24847 2
1 22930 3
1 -30050 1
0 20255 0
1 -25689 4
1 -622 5
1 8818 6
1 -1530 0
1 -233 2
1 11756 3
0 22066 1
1 27524 0
0 30764 4
0 -6358 5
0 -24501 6
1 -602 0
1 -30777 2
1 12094 3
1 -6090 1
0 27437 0
1 30979 4
0 -18134 5
0 -1653 6
0 23227 0
1 3924 2
0 -13368 3
0 8913 1
0 25285 0
0 -22694 4
0 30705 5
0 25324 6
1 10832 0
1 20002 2
1 -3973 3
1 -315 1
0 -30071 0
1 11635 4
1 -31339 5
1 14570 6
0 -11069 0
1 12942 2
1 19328 3
0 23848 1
0 5418 0
0 -8871 4
0 5360 5
0 17919 6
1 -17941 0
1 -24672 2
1 11244 3
1 9679 1
1 31127 0
1 -21470 4
0 25132 5
1 9775 6
1 -30883 0
1 10639 2
0 -13019 3
0 30873 1
0 22571 0
0 -16368 4
0 3993 5
0 22780 6
0 -3672 0
1 29193 2
1 -29694 3
1 -22175 1
0 -17909 0
1 30348 4
1 -16647 5
1 -15980 6
1 22277 0
1 21284 2
1 -5932 3
0 -20625 1
0 2805 0
0 20892 4
0 -18279 5
0 3212 6
1 -471 0
1 20920 2
1 -25494 3
1 28929 1
0 30216 0
1 -15234 4
0 -1631 5
0 -27468 6
0 -401 0
1 18952 2
0 -20591 3
0 -10685 1
0 -18744 0
0 6790 4
0 -31923 5
0 -13316 6
1 -13556 0
1 -1563 2
1 -9034 3
1 -22063 1
1 22990 0
1 29036 4
1 -15676 5
1 9795 6
0 13603 0
1 -26663 2
1 -23913 3
0 -6544 1
0 -8064 0
0 5396 4
0 -4919 5
0 -15980 6
1 13874 0
1 -31331 2
1 7411 3
1 16938 1
0 -14476 0
1 -4367 4
0 7138 5
1 23809 6
1 6436 0
1 1841 2
0 -4397 3
0 23432 1
0 -32418 0
0 25417 4
0 -13668 5
0 -17568 6
0 -2978 0
1 22055 2
1 -21397 3
1 -20926 1
0 -27372 0
1 -9537 4
1 -2286 5
1 -26154 6
1 -7526 0
1 18458 2
1 32290 3
0 5092 1
1 24292 0
0 28253 4
0 -19518 5
0 14041 6
1 10926 0
1 -9803 2
1 -31578 3
1 -11070 1
0 -13458 0
1 26789 4
0 23959 5
0 -21504 6
0 -24434 0
1 -29361 2
0 32393 3
0 -14324 1
0 11663 0
0 15627 4
0 -9847 5
0 -1403 6
1 30555 0
1 5225 2
1 4731 3
1 23310 1
0 -14733 0
1 509 4
1 2289 5
1 -10276 6
0 -14866 0
1 -5252 2
1 1814 3
0 9238 1
0 -3117 0
0 -6250 4
0 14716 5
0 7886 6
1 -26680 0
1 -21312 2
1 31884 3
1 -26692 1
1 -4396 0
1 -29158 4
0 -20037 5
1 3105 6
1 4506 0
1 6292 2
0 -16369 3
0 -26914 1
0 -12212 0
0 -29447 4
0 5593 5
0 28792 6
0 -21472 0
1 -27181 2
1 -2187 3
1 30357 1
0 14127 0
1 -31487 4
1 -16953 5
1 -19157 6
1 -403 0
1 14531 2
1 24486 3
0 20858 1
0 -9754 0
0 31214 4
0 29922 5
0 30955 6
1 -8508 0
1 29988 2
1 6020 3
1 1082 1
0 -6712 0
1 17182 4
0 2896 5
0 -15858 6
0 7088 0
1 -15508 2
0 15496 3
0 -7719 1
0 1238 0
0 16166 4
0 8057 5
0 -13820 6
1 28258 0
1 -36 2
1 -7426 3
1 -17442 1
1 15531 0
1 22741 4
1 30818 5
1 26005 6
0 -108 0
1 -7483 2
1 776 3
0 -22208 1
0 -15477 0
0 24845 4
0 -8709 5
0 -29781 6
1 -6793 0
1 -8338 2
1 -22707 3
1 21600 1
0 -988 0
1 -424 4
0 23016 5
1 7809 6
1 -472 0
1 -30712 2
0 -13405 3
0 -25150 1
0 -11648 0
0 -32657 4
0 -6300 5
0 -17511 6
0 3816 0
1 -26317 2
1 32168 3
1 -20867 1
0 11371 0
1 7114 4
1 27618 5
1 -11259 6
1 28999 0
1 -4523 2
1 -26203 3
0 11263 1
1 32388 0
0 5422 4
0 -25182 5
0 20696 6
1 -27406 0
1 -23648 2
1 23448 3
1 -818 1
0 -11360 0
1 27562 4
0 -12804 5
0 14298 6
0 32316 0
1 -31593 2
0 25371 3
0 16896 1
0 -20391 0
0 31805 4
0 -30759 5
0 13220 6
1 18071 0
1 19535 2
1 11325 3
1 15526 1
0 -7034 0
1 -858 4
1 7033 5
1 -26156 6
0 -18195 0
1 27971 2
1 -22362 3
0 -16115 1
0 19547 0
0 11925 4
0 31909 5
0 13107 6
1 -17697 0
1 -16975 2
1 -18111 3
1 29411 1
1 30115 0
1 -26679 4
0 26714 5
1 -1408 6
1 14849 0
1 -23983 2
0 -6246 3
0 11912 1
0 1110 0
0 823 4
0 9563 5
0 24860 6
0 -21754 0
1 -30273 2
1 16475 3
1 -13741 1
0 7318 0
1 29732 4
1 -11482 5
1 5363 6
1 2298 0
1 -4593 2
1 9123 3
0 25411 1
0 19814 0
0 -16703 4
0 -17246 5
0 -13789 6
1 11118 0
1 -5091 2
1 11087 3
1 28688 1
0 -16988 0
1 -28049 4
0 7771 5
0 -23338 6
0 -31206 0
1 6698 2
0 14403 3
0 1259 1
0 -11787 0
0 -2987 4
0 28365 5
0 -16469 6
1 -15077 0
1 28285 2
1 20349 3
1 16546 1
1 -20565 0
1 -26865 4
1 14737 5
1 10245 6
0 -4880 0
1 -3036 2
1 1479 3
0 25874 1
0 -4472 0
0 -18447 4
0 9023 5
0 2375 6
1 1453 0
1 26905 2
1 -25820 3
1 5438 1
0 5492 0
1 -26043 4
0 -29110 5
1 11480 6
1 -6795 0
1 16754 2
0 -5558 3
0 -6847 1
0 25031 0
0 30714 4
0 11369 5
0 4220 6
0 9227 0
1 3325 2
1 -1315 3
1 -29959 1
0 -6341 0
1 -4795 4
1 -20574 5
1 -14566 6
1 6863 0
1 32213 2
1 -4163 3
0 21388 1
1 -22381 0
0 -28549 4
0 -4293 5
0 -9270 6
1 27469 0
1 3783 2
1 -30411 3
1 16171 1
0 -18701 0
1 10944 4
0 -4158 5
0 -32100 6
0 -30593 0
1 -26977 2
0 -19311 3
0 19326 1
0 -2645 0
0 14500 4
0 3134 5
0 -475 6
1 -13342 0
1 857 2
1 -17090 3
1 27500 1
0 -13674 0
1 -11203 4
1 -29866 5
1 -21983 6
0 -22844 0
1 9569 2
1 16466 3
0 -21576 1
0 -30089 0
0 9330 4
0 17514 5
0 31176 6
1 23548 0
1 25852 2
1 -14280 3
1 22177 1
1 8360 0
1 -8618 4
0 -29563 5
1 14018 6
1 -8940 0
1 -14075 2
0 13808 3
0 29020 1
0 -22905 0
0 -16885 4
0 22903 5
0 -19631 6
0 22292 0
1 14567 2
1 12284 3
1 17209 1
0 4855 0
1 13793 4
1 22321 5
1 -1466 6
1 -19179 0
1 -23498 2
1 -16351 3
0 16208 1
0 30536 0
0 22200 4
0 -655 5
0 24977 6
1 18601 0
1 5237 2
1 -32629 3
1 -5862 1
0 -31152 0
1 30533 4
0 -25195 5
0 18580 6
0 -1316 0
1 6426 2
0 -4460 3
0 -9167 1
0 -23146 0
0 -18929 4
0 19916 5
0 23581 6
1 -28586 0
1 -12793 2
1 -23342 3
1 -1099 1
1 26185 0
1 -27746 4
1 31289 5
1 -23091 6
0 -1943 0
1 -26176 2
1 -9723 3
0 -18025 1
0 -1027 0
0 9345 4
0 -16903 5
0 -4408 6
1 -863 0
1 23664 2
1 -27834 3
1 24974 1
0 24982 0
1 -9426 4
0 30020 5
1 14154 6
1 -29751 0
1 19860 2
0 24619 3
0 -12915 1
0 -21638 0
0 -20847 4
0 20009 5
0 -10937 6
0 18453 0
1 6866 2
1 -29041 3
1 32666 1
0 7092 0
1 -19468 4
1 32480 5
1 -16762 6
1 5093 0
1 22016 2
1 29788 3
0 26770 1
1 -25469 0
0 -28068 4
0 22003 5
0 -5152 6
1 31372 0
1 -14134 2
1 -21790 3
1 28431 1
0 32050 0
1 32595 4
0 -6183 5
0 -1877 6
0 12979 0
1 -4903 2
0 18653 3
0 -19142 1
0 -29946 0
0 25742 4
0 -29803 5
0 -6278 6
1 19196 0
1 -16944 2
1 7737 3
1 14387 1
0 -29252 0
1 27683 4
1 26621 5
1 27262 6
0 -20167 0
1 6613 2
1 5560 3
0 30569 1
0 -6215 0
0 -26348 4
0 -11198 5
0 -30164 6
1 23792 0
1 -22975 2
1 -6894 3
1 23182 1
1 16595 0
1 -20319 4
0 3276 5
1 26724 6
1 6871 0
1 -12263 2
0 5572 3
0 15964 1
0 4491 0
0 1851 4
0 -19277 5
0 -25981 6
0 -20035 0
1 -20134 2
1 3411 3
1 -26016 1
0 20207 0
1 18999 4
1 10243 5
1 -23071 6
1 14795 0
1 30417 2
1 -27410 3
0 30615 1
0 29703 0
0 -7501 4
0 -15121 5
0 20579 6
1 -17187 0
1 -7805 2
1 31769 3
1 19142 1
0 -19076 0
1 -15633 4
0 -12544 5
0 -1440 6
0 -8337 0
1 10255 2
0 -11808 3
0 23616 1
0 -29441 0
0 -31494 4
0 2220 5
0 -16703 6
1 10935 0
1 7419 2
1 -6756 3
1 -29551 1
1 -9951 0
1 29929 4
1 -20908 5
1 -729 6
0 7289 0
1 -23995 2
1 -31145 3
0 31619 1
0 6784 0
0 10273 4
0 4961 5
0 -9338 6
1 -21698 0
1 29905 2
1 -24116 3
1 22778 1
0 -18219 0
1 26505 4
0 -19076 5
1 -16638 6
1 32424 0
1 -32046 2
0 22439 3
0 -30286 1
0 31970 0
0 -30914 4
0 -27284 5
0 29230 6
0 19191 0
1 -5792 2
1 -23335 3
1 3014 1
0 -28174 0
1 -30748 4
1 -14721 5
1 -7464 6
1 -4526 0
1 -31019 2
1 22952 3
0 25640 1
1 1925 0
0 1491 4
0 -9864 5
0 30277 6
1 18781 0
1 1296 2
1 23010 3
1 -13722 1
0 -25591 0
1 -21054 4
0 -14841 5
0 -9855 6
0 28779 0
1 22640 2
0 -25815 3
0 1919 1
0 1677 0
0 -16461 4
0 -8399 5
0 2016 6
1 13257 0
1 -16714 2
1 25586 3
1 -14563 1
0 3558 0
1 -14425 4
1 13009 5
1 5826 6
0 20415 0
1 26286 2
1 18295 3
0 5954 1
0 6026 0
0 -9753 4
0 -26863 5
0 24678 6
1 -31556 0
1 -28141 2
1 -10371 3
1 -211 1
1 -27330 0
1 -21486 4
0 -16759 5
1 25840 6
1 -29875 0
1 -4749 2
0 -11801 3
0 -8695 1
0 15177 0
0 -23792 4
0 -19303 5
0 1246 6
0 -32037 0
1 11509 2
1 -31993 3
1 -8528 1
0 31189 0
1 14799 4
1 1562 5
1 9155 6
1 21094 0
1 22586 2
1 -28702 3
0 16925 1
0 -12667 0
0 30401 4
0 -27052 5
0 -91 6
1 30742 0
1 -3527 2
1 -3305 3
1 32121 1
0 -2974 0
1 8949 4
0 10836 5
0 1310 6
0 13578 0
1 26408 2
0 3700 3
0 -26270 1
0 7076 0
0 22803 4
0 -24021 5
0 -27773 6
1 -19694 0
1 19955 2
1 -15759 3
1 7499 1
1 -5519 0
1 24435 4
1 -19300 5
1 -7535 6
0 -8644 0
1 -12064 2
1 3802 3
0 -17019 1
0 22026 0
0 5069 4
0 -21064 5
0 -20599 6
1 -30054 0
1 13460 2
1 -11705 3
1 -2457 1
0 14686 0
1 1874 4
0 -11045 5
1 -11513 6
1 -1177 0
1 20723 2
0 -27834 3
0 -17199 1
0 19411 0
0 17056 4
0 -19203 5
0 16694 6
0 -31436 0
1 10891 2
1 25903 3
1 6036 1
0 30227 0
1 32741 4
1 -22588 5
1 3261 6
1 14243 0
1 -20192 2
1 30044 3
0 -25334 1
1 3261 0
0 -17124 4
0 21737 5
0 -29945 6
1 -32737 0
1 15439 2
1 -26832 3
1 -19272 1
0 -24456 0
1 -20190 4
0 12252 5
0 -11317 6
0 -17860 0
1 -24623 2
0 -13845 3
0 1839 1
0 -22165 0
0 23601 4
0 17975 5
0 -849 6
1 9241 0
1 3843 2
1 -19794 3
1 3527 1
0 21199 0
1 -22715 4
1 6569 5
1 -5988 6
0 -10101 0
1 -31807 2
1 -10220 3
0 -9103 1
0 -29318 0
0 7721 4
0 -4987 5
0 -21890 6
1 29992 0
1 -30241 2
1 17484 3
1 -7416 1
1 25594 0
1 -17547 4
0 -8474 5
1 31564 6
1 -25633 0
1 27634 2
0 -10990 3
0 -1957 1
0 -14412 0
0 5466 4
0 -24352 5
0 8694 6
0 -31655 0
1 26051 2
1 -12091 3
1 17026 1
0 -31882 0
1 -20865 4
1 476 5
1 14191 6
1 3138 0
1 12255 2
1 -5008 3
0 -9086 1
0 -6585 0
0 -6239 4
0 5187 5
0 14801 6
1 6314 0
1 14023 2
1 12012 3
1 25898 1
0 7642 0
1 -3060 4
0 -30382 5
0 -14931 6
0 25286 0
1 9807 2
0 28890 3
0 14463 1
0 10594 0
0 9337 4
0 13338 5
0 -3746 6
1 13160 0
1 548 2
1 -18503 3
1 17572 1
1 8462 0
1 8193 4
1 28907 5
1 -16818 6
0 29558 0
1 -21921 2
1 -11676 3
0 -6575 1
0 -9515 0
0 -18011 4
0 26508 5
0 -32555 6
1 -1615 0
1 -12181 2
1 30094 3
1 7064 1
0 6861 0
1 -17053 4
0 6428 5
1 21717 6
1 30547 0
1 -15370 2
0 8928 3
0 -19771 1
0 26667 0
0 -23926 4
0 -25647 5
0 -721 6
0 -31199 0
1 -15402 2
1 -6256 3
1 -5814 1
0 15835 0
1 -6513 4
1 9500 5
1 26418 6
1 -12272 0
1 8733 2
1 -19625 3
0 -11357 1
1 21568 0
0 -8835 4
0 -32472 5
0 -16662 6
1 -455 0
1 6565 2
1 25323 3
1 5311 1
0 20166 0
1 685 4
0 -26569 5
0 20988 6
0 26399 0
1 29722 2
0 -11453 3
0 -9571 1
0 28969 0
0 1888 4
0 20762 5
0 12757 6
1 21608 0
1 28361 2
1 20988 3
1 16600 1
0 -5301 0
1 26543 4
1 -28730 5
1 21186 6
0 -1490 0
1 30139 2
1 28155 3
0 18911 1
0 -31681 0
0 -23850 4
0 27363 5
0 2251 6
1 23936 0
1 -3155 2
1 28561 3
1 -13840 1
1 -10925 0
1 -18459 4
0 -2190 5
1 30830 6
1 -28818 0
1 7126 2
0 -32422 3
0 3367 1
0 -14431 0
0 -31060 4
0 7280 5
0 9306 6
0 -18615 0
1 31056 2
1 18770 3
1 -23425 1
0 6409 0
1 -27739 4
1 17714 5
1 3631 6
1 28926 0
1 -17327 2
1 29379 3
0 2305 1
0 28699 0
0 -17419 4
0 -31626 5
0 20295 6
1 4258 0
1 15469 2
1 1447 3
1 -25514 1
0 -8515 0
1 14585 4
0 9448 5
0 21862 6
0 17585 0
1 -28593 2
0 21769 3
0 -18863 1
0 -8256 0
0 -8623 4
0 -25745 5
0 19585 6
1 7896 0
1 -31478 2
1 -24678 3
1 23383 1
1 20684 0
1 -15183 4
1 13597 5
1 1019 6
0 17000 0
1 -30737 2
1 31353 3
0 18307 1
0 -28954 0
0 1022 4
0 -16419 5
0 31763 6
1 -9339 0
1 1870 2
1 -17313 3
1 12564 1
0 -571 0
1 20470 4
0 28311 5
1 26112 6
1 17903 0
1 -24510 2
0 20453 3
0 2558 1
0 30730 0
0 -28137 4
0 -32747 5
0 -14752 6
0 21040 0
1 -4673 2
1 -13777 3
1 -12892 1
0 -21372 0
1 5195 4
1 29154 5
1 -4598 6
1 -14885 0
1 3400 2
1 7427 3
0 29940 1
1 5004 0
0 23751 4
0 9216 5
0 -27114 6
1 15577 0
1 21151 2
1 -4173 3
1 30985 1
0 22794 0
1 9077 4
0 -18644 5
0 17243 6
0 16838 0
1 -16524 2
0 10040 3
0 31394 1
0 -7932 0
0 21193 4
0 30277 5
0 -14275 6
1 13085 0
1 -26415 2
1 -24208 3
1 26074 1
0 -27746 0
1 -8528 4
1 21568 5
1 -6751 6
0 13520 0
1 3656 2
1 18812 3
0 -17212 1
0 -4618 0
0 -11096 4
0 1183 5
0 18671 6
1 -16281 0
1 -6261 2
1 -10947 3
1 30636 1
1 31004 0
1 9545 4
0 3985 5
1 13070 6
1 5831 0
1 -10405 2
0 18245 3
0 23514 1
0 -24010 0
0 16535 4
0 -1411 5
0 20127 6
0 14874 0
1 -13510 2
1 -22395 3
1 22458 1
0 -19249 0
1 25230 4
1 6916 5
1 15575 6
1 -11137 0
1 -4161 2
1 -6266 3
0 -24045 1
0 18190 0
0 -11908 4
0 -7197 5
0 25435 6
1 11325 0
1 -24370 2
1 8217 3
1 21133 1
0 -4283 0
1 9929 4
0 22436 5
0 -6185 6
0 -70 0
1 21171 2
0 27567 3
0 8433 1
0 -32325 0
0 10666 4
0 -5288 5
0 12171 6
1 -9559 0
1 -22071 2
1 7363 3
1 -4871 1
1 -30540 0
1 22557 4
1 -25661 5
1 -6475 6
0 -28831 0
1 -1207 2
1 814 3
0 22301 1
0 6849 0
0 29737 4
0 -25082 5
0 26422 6
1 -15338 0
1 -29502 2
1 -14070 3
1 18537 1
0 20366 0
1 -4782 4
0 22069 5
1 -16586 6
1 -31938 0
1 29323 2
0 -14884 3
0 -15457 1
0 20767 0
0 20301 4
0 6270 5
0 -17737 6
0 29818 0
1 -31040 2
1 -4371 3
1 18706 1
0 -29969 0
1 13278 4
1 -15459 5
1 -624 6
1 -11797 0
1 -28941 2
1 -10617 3
0 -12358 1
1 3407 0
0 -19975 4
0 -21431 5
0 26119 6
1 -17562 0
1 3165 2
1 -17458 3
1 11377 1
0 -28473 0
1 -20250 4
0 6047 5
0 -4630 6
0 -32393 0
1 -30150 2
0 -19138 3
0 -9172 1
0 -1018 0
0 24444 4
0 8017 5
0 -6284 6
1 -2427 0
1 2707 2
1 3676 3
1 -11271 1
0 24864 0
1 6466 4
1 9467 5
1 29928 6
0 -27208 0
1 31480 2
1 -18784 3
0 -31162 1
0 -16640 0
0 842 4
0 3261 5
0 -6466 6
1 11770 0
1 23578 2
1 17222 3
1 4036 1
1 -7008 0
1 -20409 4
0 -6487 5
1 -5164 6
1 22653 0
1 21557 2
0 13769 3
0 -19462 1
0 18747 0
0 214 4
0 8905 5
0 -26139 6
0 18802 0
1 -3522 2
1 22091 3
1 16451 1
0 -1173 0
1 11183 4
1 18867 5
1 13587 6
1 -22757 0
1 -32220 2
1 -7478 3
0 7213 1
0 18034 0
0 20042 4
0 -5345 5
0 -28945 6
1 -14484 0
1 -31261 2
1 -6209 3
1 -23032 1
0 2715 0
1 -12422 4
0 -14658 5
0 10772 6
0 11324 0
1 26609 2
0 -26532 3
0 -7087 1
0 -15159 0
0 -21995 4
0 -10104 5
0 29687 6
1 5663 0
1 -636 2
1 26378 3
1 -32494 1
1 -1351 0
1 9563 4
1 30172 5
1 -4605 6
0 -816 0
1 -21719 2
1 32500 3
0 -27622 1
0 -29506 0
0 -26144 4
0 13427 5
0 32077 6
1 -21022 0
1 -15512 2
1 -19803 3
1 -6469 1
0 -24965 0
1 5300 4
0 -25049 5
1 -27689 6
1 -10327 0
1 4508 2
0 -29820 3
0 17396 1
0 -9810 0
0 -22997 4
0 -23911 5
0 5719 6
0 27683 0
1 -28526 2
1 -9360 3
1 -17967 1
0 -101 0
1 -25494 4
1 16388 5
1 -1022 6
1 21545 0
1 -7880 2
1 21341 3
0 27451 1
1 10759 0
0 26579 4
0 -1221 5
0 3316 6
1 20190 0
1 21240 2
1 20844 3
1 6944 1
0 31685 0
1 13425 4
0 30267 5
0 1690 6
0 6705 0
1 25392 2
0 26830 3
0 -21049 1
0 -28244 0
0 19658 4
0 -6022 5
0 -24248 6
1 21483 0
1 -16979 2
1 -22865 3
1 8799 1
0 -18810 0
1 13946 4
1 5276 5
1 -14945 6
0 -18583 0
1 548 2
1 8697 3
0 28613 1
0 -14177 0
0 -15387 4
0 -18770 5
0 29334 6
1 -884 0
1 -28700 2
1 16526 3
1 10777 1
1 -30876 0
1 390 4
0 11666 5
1 3739 6
1 1429 0
1 15533 2
0 14931 3
0 29405 1
0 -18172 0
0 31321 4
0 -25788 5
0 3747 6
0 -8758 0
1 -25229 2
1 32584 3
1 -17751 1
0 15054 0
1 21685 4
1 -7267 5
1 29003 6
1 -13515 0
1 19187 2
1 21925 3
0 -30997 1
0 -8188 0
0 -19578 4
0 5001 5
0 29116 6
1 -9493 0
1 -22113 2
1 -16779 3
1 32491 1
0 -25674 0
1 19847 4
0 20634 5
0 29868 6
0 -10917 0
1 19379 2
0 9700 3
0 -2265 1
0 21661 0
0 17111 4
0 -19270 5
0 -15050 6
1 13275 0
1 13335 2
1 27570 3
1 30513 1
1 3648 0
1 -12904 4
1 4797 5
1 -8576 6
0 -10842 0
1 18770 2
1 -18298 3
0 15078 1
0 -15215 0
0 -905 4
0 29437 5
0 -20252 6
1 -9629 0
1 -11778 2
1 25270 3
1 -3081 1
0 8260 0
1 -11847 4
0 -179 5
1 -19803 6
1 -12051 0
1 14947 2
0 -5837 3
0 31250 1
0 -28403 0
0 29472 4
0 6813 5
0 9219 6
0 21996 0
1 22455 2
1 -8828 3
1 -17801 1
0 -12773 0
1 -14552 4
1 22246 5
1 -26087 6
1 -19249 0
1 -14707 2
1 -5777 3
0 30829 1
1 -20990 0
0 26026 4
0 -11930 5
0 -8053 6
1 -14224 0
1 710 2
1 12391 3
1 19777 1
0 3409 0
1 -14070 4
0 30819 5
0 -25494 6
0 30430 0
1 5809 2
0 -15047 3
0 -21018 1
0 -27867 0
0 -25893 4
0 5209 5
0 -7386 6
1 2846 0
1 7235 2
1 -20256 3
1 -23642 1
0 32236 0
1 27785 4
1 -25450 5
1 -28832 6
0 -307 0
1 -22913 2
1 -5791 3
0 -2811 1
0 -6575 0
0 27004 4
0 -16098 5
0 16741 6
1 -7654 0
1 12946 2
1 1924 3
1 29916 1
1 26495 0
1 -24151 4
0 25733 5
1 24261 6
1 -17611 0
1 859 2
0 -4350 3
0 21160 1
0 7117 0
0 -24168 4
0 -23264 5
0 14434 6
0 32703 0
1 -8599 2
1 -10977 3
1 -12359 1
0 15658 0
1 -13591 4
1 -28091 5
1 16018 6
1 -13175 0
1 -20639 2
1 3395 3
0 -9525 1
0 -5631 0
0 11538 4
0 30722 5
0 -19838 6
1 -23235 0
1 -32014 2
1 -16865 3
1 -24949 1
0 24709 0
1 31935 4
0 -797 5
0 11930 6
0 14752 0
1 -21513 2
0 -22103 3
0 6241 1
0 11019 0
0 -24357 4
0 -16080 5
0 31599 6
1 -27561 0
1 -22460 2
1 -4848 3
1 13571 1
1 -25819 0
1 4583 4
1 -24819 5
1 -22368 6
0 -29901 0
1 12399 2
1 25087 3
0 24679 1
0 -6733 0
0 -29484 4
0 20243 5
0 -12278 6
1 -11101 0
1 23550 2
1 8707 3
1 -19806 1
0 21874 0
1 -6169 4
0 23400 5
1 22969 6
1 15596 0
1 -12732 2
0 -16187 3
0 2561 1
0 -2557 0
0 32183 4
0 12664 5
0 -1889 6
0 -8270 0
1 17634 2
1 -18537 3
1 2008 1
0 6397 0
1 30546 4
1 25380 5
1 29670 6
1 22233 0
1 -4099 2
1 20751 3
0 -17248 1
1 28108 0
0 17632 4
0 -30102 5
0 4280 6
1 -10719 0
1 -25530 2
1 -15572 3
1 23531 1
0 2084 0
1 24169 4
0 19909 5
0 -2304 6
0 -28155 0
1 1157 2
0 465 3
0 9474 1
0 -11952 0
0 -9129 4
0 10356 5
0 -32760 6
1 20407 0
1 13272 2
1 -31931 3
1 19834 1
0 -5166 0
1 -8401 4
1 -12132 5
1 -6898 6
0 4389 0
1 21966 2
1 -20127 3
0 -11877 1
0 -12856 0
0 30429 4
0 14089 5
0 21516 6
1 31536 0
1 -12631 2
1 -26014 3
1 -996 1
1 20421 0
1 13649 4
0 -12749 5
1 14578 6
1 -2541 0
1 4798 2
0 -14107 3
0 32492 1
0 16375 0
0 -20451 4
0 4273 5
0 -12555 6
0 -13630 0
1 27993 2
1 -3708 3
1 31987 1
0 4863 0
1 -11026 4
1 20526 5
1 -1721 6
1 -27116 0
1 24710 2
1 -4255 3
0 3120 1
0 -19881 0
0 -4524 4
0 -15281 5
0 19286 6
1 21177 0
1 -8548 2
1 19110 3
1 -25964 1
0 -11995 0
1 30162 4
0 2900 5
0 -19328 6
0 1228 0
1 14530 2
0 -10374 3
0 17585 1
0 -14287 0
0 -17061 4
0 -28561 5
0 -3659 6
1 19269 0
1 -615 2
1 24622 3
1 21479 1
1 -7388 0
1 -24238 4
1 4516 5
1 -1588 6
0 5198 0
1 -9943 2
1 -29776 3
0 6645 1
0 -13819 0
0 -11697 4
0 6868 5
0 -25933 6
1 20022 0
1 27107 2
1 -14403 3
1 8105 1
0 -5556 0
1 27191 4
0 -26918 5
1 -21526 6
1 -22344 0
1 -5358 2
0 16230 3
0 -14998 1
0 13868 0
0 -11784 4
0 -784 5
0 -29285 6
0 22626 0
1 -1303 2
1 -777 3
1 20172 1
0 -26548 0
1 6957 4
1 11618 5
1 -6617 6
1 17623 0
1 10847 2
1 -7408 3
0 2188 1
1 11130 0
0 -12508 4
0 10950 5
0 -31011 6
1 -2848 0
1 20764 2
1 -13229 3
1 -32696 1
0 -19005 0
1 7968 4
0 -19081 5
0 28444 6
0 12505 0
1 32321 2
0 12306 3
0 11479 1
0 10909 0
0 22151 4
0 -18669 5
0 30413 6
1 25816 0
1 11445 2
1 31746 3
1 13391 1
0 20321 0
1 -4641 4
1 3545 5
1 -6460 6
0 -28813 0
1 21777 2
1 31974 3
0 -28521 1
0 14087 0
0 11431 4
0 -13346 5
0 -6439 6
1 5272 0
1 5398 2
1 -28858 3
1 10561 1
1 11177 0
1 -30948 4
0 2177 5
1 25201 6
1 -19195 0
1 -18690 2
0 15513 3
0 5672 1
0 7213 0
0 -32582 4
0 8402 5
0 32106 6
0 9203 0
1 -1066 2
1 -22867 3
1 -1470 1
0 -2947 0
1 20419 4
1 25543 5
1 26427 6
1 17786 0
1 -30451 2
1 23774 3
0 19756 1
0 -21865 0
0 30359 4
0 -30444 5
0 1646 6
1 -3039 0
1 13595 2
1 20024 3
1 1405 1
0 18479 0
1 12194 4
0 16876 5
0 -16879 6
0 16677 0
1 8746 2
0 3625 3
0 -11132 1
0 -6637 0
0 -13630 4
0 -5143 5
0 32323 6
1 22067 0
1 27896 2
1 -25809 3
1 28290 1
1 8589 0
1 10192 4
1 11808 5
1 -15463 6
0 15951 0
1 -3366 2
1 -15343 3
0 -21957 1
0 -21787 0
0 -10466 4
0 19219 5
0 -32580 6
1 -31597 0
1 8635 2
1 -28464 3
1 28361 1
0 -9456 0
1 28694 4
0 -21657 5
1 -13679 6
1 21059 0
1 27642 2
0 -13528 3
0 17979 1
0 30662 0
0 1336 4
0 -2747 5
0 28110 6
0 32067 0
1 -6783 2
1 14215 3
1 7875 1
0 31112 0
1 4443 4
1 32083 5
1 -28953 6
1 8303 0
1 26196 2
1 27174 3
0 3542 1
1 19246 0
0 -32120 4
0 24232 5
0 28420 6
1 -29441 0
1 -23328 2
1 5237 3
1 809 1
0 -2782 0
1 -8697 4
0 -28273 5
0 -2395 6
0 1650 0
1 10653 2
0 -27082 3
0 -28818 1
0 -6878 0
0 15098 4
0 -26724 5
0 -31801 6
1 -1007 0
1 -29929 2
1 -21309 3
1 -2627 1
0 15197 0
1 -23026 4
1 -26540 5
1 1705 6
0 -22072 0
1 14452 2
1 28722 3
0 -22502 1
0 -22007 0
0 14377 4
0 1633 5
0 -9221 6
1 -14212 0
1 23363 2
1 10537 3
1 -14916 1
1 -5123 0
1 -9636 4
0 -15699 5
1 -10112 6
1 2292 0
1 -13067 2
0 9547 3
0 13979 1
0 -2802 0
0 16954 4
0 -3413 5
0 -4433 6
0 -6600 0
1 12330 2
1 24010 3
1 30693 1
0 26514 0
1 -23297 4
1 1166 5
1 -23568 6
1 26008 0
1 -4405 2
1 -28045 3
0 -511 1
0 20228 0
0 -7251 4
0 -29215 5
0 -6124 6
1 -27440 0
1 23607 2
1 5116 3
1 -11507 1
0 -7586 0
1 -3087 4
0 -30721 5
0 -11040 6
0 -18379 0
1 -24660 2
0 -10778 3
0 23968 1
0 12034 0
0 -724 4
0 -14803 5
0 -8869 6
1 13835 0
1 -16516 2
1 30085 3
1 -9287 1
1 7347 0
1 29403 4
1 25796 5
1 -19165 6
0 -9897 0
1 -13536 2
1 -859 3
0 -6226 1
0 -31801 0
0 30540 4
0 15414 5
0 30403 6
1 30155 0
1 21293 2
1 -17904 3
1 15919 1
0 -26965 0
1 20760 4
0 25251 5
1 -27498 6
1 -11023 0
1 -23003 2
0 -31156 3
0 2446 1
0 18671 0
0 17655 4
0 -6793 5
0 -1722 6
0 30488 0
1 -19893 2
1 16334 3
1 16161 1
0 9289 0
1 -951 4
1 -1082 5
1 12649 6
1 15864 0
1 15679 2
1 21189 3
0 -4723 1
1 5002 0
0 -10437 4
0 -19712 5
0 20321 6
1 -10377 0
1 -11763 2
1 28797 3
1 -4313 1
0 -32745 0
1 30739 4
0 12122 5
0 3753 6
0 16514 0
1 8403 2
0 -26732 3
0 -9471 1
0 -25445 0
0 10813 4
0 491 5
0 -2471 6
1 -24242 0
1 -3264 2
1 25243 3
1 30903 1
0 23566 0
1 6643 4
1 -16619 5
1 -29453 6
0 8221 0
1 27677 2
1 28417 3
0 5911 1
0 20110 0
0 -31554 4
0 9577 5
0 -14510 6
1 -13121 0
1 28868 2
1 28907 3
1 7798 1
1 -32626 0
1 29377 4
0 -10695 5
1 20147 6
1 -2971 0
1 17530 2
0 -7173 3
0 -30937 1
0 -13217 0
0 16619 4
0 -13069 5
0 30183 6
0 -18729 0
1 -14225 2
1 -22535 3
1 -29385 1
0 14979 0
1 -25130 4
1 21521 5
1 -30926 6
1 -23212 0
1 19368 2
1 1718 3
0 25029 1
0 -22799 0
0 29180 4
0 -2043 5
0 -18172 6
1 -10502 0
1 -31325 2
1 -32642 3
1 -21704 1
0 -14771 0
1 -25310 4
0 28705 5
0 31870 6
0 32566 0
1 7177 2
0 -17389 3
0 31113 1
0 24125 0
0 -16671 4
0 16443 5
0 -1468 6
1 -26124 0
1 -5230 2
1 -31145 3
1 7498 1
1 8079 0
1 8998 4
1 -18335 5
1 27549 6
0 12566 0
1 20749 2
1 -2826 3
0 -29296 1
0 -16657 0
0 8430 4
0 28660 5
0 19316 6
1 23748 0
1 16713 2
1 -11400 3
1 27139 1
0 3321 0
1 -5321 4
0 -10535 5
1 1902 6
1 1389 0
1 1930 2
0 -20089 3
0 -13501 1
0 29325 0
0 4812 4
0 -31055 5
0 -28589 6
0 17183 0
1 -16632 2
1 -31784 3
1 5523 1
0 -11119 0
1 -29503 4
1 6686 5
1 -18027 6
1 -29757 0
1 -16299 2
1 -32665 3
0 24253 1
1 6412 0
0 -21155 4
0 -19473 5
0 -24940 6
1 9184 0
1 -23640 2
1 7219 3
1 -16649 1
0 23694 0
1 -10091 4
0 22621 5
0 29929 6
0 -24675 0
1 8776 2
0 9344 3
0 -27541 1
0 4053 0
0 -9046 4
0 -24281 5
0 14152 6
1 14413 0
1 -16947 2
1 -4951 3
1 25202 1
0 7414 0
1 12945 4
1 14503 5
1 11399 6
0 -20119 0
1 7669 2
1 10729 3
0 -705 1
0 -16503 0
0 -8540 4
0 2377 5
0 23751 6
1 24079 0
1 -15561 2
1 22659 3
1 10842 1
1 24237 0
1 -29956 4
0 -4111 5
1 23805 6
1 4348 0
1 3282 2
0 4174 3
0 -17900 1
0 -3713 0
0 20642 4
0 6497 5
0 -7531 6
0 -12062 0
1 -23120 2
1 10820 3
1 23187 1
0 15609 0
1 29280 4
1 19704 5
1 973 6
1 10272 0
1 -31225 2
1 -19401 3
0 31741 1
0 30280 0
0 -4999 4
0 21064 5
0 15584 6
1 8834 0
1 16220 2
1 1861 3
1 -16198 1
0 -13781 0
1 1635 4
0 28233 5
0 -24818 6
0 -1584 0
1 12644 2
0 -18639 3
0 32430 1
0 -27655 0
0 -28451 4
0 745 5
0 -28633 6
1 -7574 0
1 406 2
1 17717 3
1 -6840 1
1 -4578 0
1 -13889 4
1 4770 5
1 -9923 6
0 15896 0
1 -28832 2
1 11401 3
0 13248 1
0 -23826 0
0 -28813 4
0 13041 5
0 -29587 6
1 -17577 0
1 11010 2
1 -2167 3
1 -21544 1
0 -18973 0
1 1085 4
0 29942 5
1 28750 6
1 -20972 0
1 -19887 2
0 30554 3
0 -2333 1
0 -14178 0
0 26091 4
0 18285 5
0 13140 6
0 -9244 0
1 -14860 2
1 16962 3
1 -9847 1
0 -19173 0
1 -20340 4
1 11005 5
1 -10027 6
1 -24262 0
1 821 2
1 32401 3
0 -30740 1
1 -30914 0
0 22351 4
0 -18017 5
0 -31864 6
1 -26173 0
1 -31853 2
1 -26713 3
1 -28051 1
0 20605 0
1 -31468 4
0 5962 5
0 -22356 6
0 2176 0
1 5083 2
0 -4317 3
0 17274 1
0 7779 0
0 29050 4
0 -29298 5
0 -20941 6
1 -20886 0
1 -6476 2
1 12016 3
1 -20217 1
0 16332 0
1 11771 4
1 13263 5
1 11687 6
0 9586 0
1 -25634 2
1 2667 3
0 -19343 1
0 23745 0
0 -30941 4
0 -18637 5
0 21968 6
1 797 0
1 -23950 2
1 28105 3
1 -20551 1
1 -7466 0
1 -28932 4
0 -14362 5
1 13306 6
1 -17849 0
1 30284 2
0 10504 3
0 -4236 1
0 -7151 0
0 10066 4
0 -7952 5
0 -5336 6
0 27731 0
1 -18341 2
1 -28874 3
1 -23491 1
0 -6113 0
1 -21742 4
1 31562 5
1 2018 6
1 -26600 0
1 -25000 2
1 -1142 3
0 -12332 1
0 4992 0
0 10220 4
0 -6345 5
0 -28444 6
1 -26800 0
1 -5830 2
1 16955 3
1 -25438 1
0 -27000 0
1 16094 4
0 -26978 5
0 -31077 6
0 5436 0
1 -15697 2
0 13559 3
0 -7915 1
0 3079 0
0 -15169 4
0 -21066 5
0 757 6
1 27672 0
1 -23390 2
1 7708 3
1 27303 1
1 -147 0
1 23728 4
1 -22486 5
1 1277 6
0 -28195 0
1 -22875 2
1 -23272 3
0 2312 1
0 -7609 0
0 15954 4
0 -10199 5
0 -22081 6
1 31711 0
1 -10648 2
1 3851 3
1 -29623 1
0 20173 0
1 -10558 4
0 -21506 5
1 -24063 6
1 9960 0
1 29156 2
0 12003 3
0 14680 1
0 -6286 0
0 15607 4
0 19495 5
0 1508 6
0 4087 0
1 -23777 2
1 -19912 3
1 28796 1
0 13901 0
1 16979 4
1 6148 5
1 -27832 6
1 28858 0
1 13597 2
1 -18881 3
0 -5324 1
1 -2599 0
0 13174 4
0 -5582 5
0 -15266 6
1 -20696 0
1 10826 2
1 -5372 3
1 -18902 1
0 -18469 0
1 29515 4
0 -16489 5
0 -31198 6
0 -24232 0
1 -24998 2
0 2468 3
0 -11777 1
0 -8202 0
0 16981 4
0 32157 5
0 -5456 6
1 21305 0
1 23248 2
1 4797 3
1 -8384 1
0 19695 0
1 6585 4
1 -26809 5
1 -1346 6
0 31573 0
1 26382 2
1 -24730 3
0 -1605 1
0 -17879 0
0 338 4
0 4737 5
0 17255 6
1 13351 0
1 -17829 2
1 11303 3
1 31447 1
1 -28070 0
1 19673 4
0 -9081 5
1 18489 6
1 -31072 0
1 32508 2
0 -4941 3
0 -22566 1
0 11701 0
0 19701 4
0 1895 5
0 -7980 6
0 5947 0
1 344 2
1 -23630 3
1 -30680 1
0 -27087 0
1 3186 4
1 9547 5
1 -30287 6
1 11449 0
1 -14508 2
1 17599 3
0 5257 1
0 16101 0
0 -16137 4
0 -23325 5
0 16632 6
1 29700 0
1 25706 2
1 4409 3
1 28188 1
0 -26238 0
1 -398 4
0 1565 5
0 -18931 6
0 4246 0
1 20644 2
0 22743 3
0 -9035 1
0 14846 0
0 16248 4
0 23845 5
0 660 6
1 -31091 0
1 10569 2
1 -14047 3
1 -487 1
1 -16733 0
1 -20904 4
1 22899 5
1 -30433 6
0 20610 0
1 4926 2
1 -30140 3
0 -21951 1
0 26570 0
0 -20871 4
0 4494 5
0 11597 6
1 -14889 0
1 26603 2
1 14199 3
1 -11085 1
0 25101 0
1 2168 4
0 12848 5
1 -13328 6
1 -8345 0
1 8159 2
0 20778 3
0 -17903 1
0 1793 0
0 11669 4
0 -24889 5
0 25760 6
0 15020 0
1 16992 2
1 -12574 3
1 -20728 1
0 -24579 0
1 9588 4
1 -18815 5
1 22673 6
1 26845 0
1 25461 2
1 20937 3
0 -16787 1
1 15796 0
0 -27196 4
0 -23189 5
0 30644 6
1 -15598 0
1 -2757 2
1 -9850 3
1 -19530 1
0 20097 0
1 11452 4
0 -23142 5
0 -18133 6
0 -22437 0
1 -30273 2
0 1271 3
0 -6070 1
0 -32379 0
0 -7575 4
0 11978 5
0 4332 6
1 -4909 0
1 8224 2
1 9290 3
1 -13643 1
0 24520 0
1 31653 4
1 -21546 5
1 -788 6
0 -27105 0
1 -2816 2
1 -4327 3
0 -4489 1
0 -16168 0
0 21657 4
0 8461 5
0 30152 6
1 9509 0
1 -28304 2
1 32446 3
1 6123 1
1 -1803 0
1 18741 4
0 7876 5
1 -17793 6
1 -23794 0
1 -5773 2
0 -23554 3
0 14113 1
0 7774 0
0 -16654 4
0 2633 5
0 8483 6
0 -22115 0
1 12663 2
1 -16423 3
1 14676 1
0 -14674 0
1 -7342 4
1 -14551 5
1 13310 6
1 3531 0
1 3034 2
1 18707 3
0 30786 1
0 -22403 0
0 -26214 4
0 -38 5
0 -16879 6
1 -15220 0
1 -18669 2
1 32485 3
1 -7974 1
0 26465 0
1 -32194 4
0 1342 5
0 18349 6
0 -28957 0
1 5258 2
0 -7321 3
0 8280 1
0 25281 0
0 -22639 4
0 -3576 5
0 979 6
1 -20860 0
1 12304 2
1 -23096 3
1 12192 1
1 -20188 0
1 -18175 4
1 23029 5
1 21175 6
0 9566 0
1 8182 2
1 7273 3
0 -19064 1
0 -138 0
0 27013 4
0 -13569 5
0 28762 6
1 8247 0
1 30468 2
1 -21244 3
1 -32708 1
0 13170 0
1 26590 4
0 10422 5
1 8882 6
1 23889 0
1 25172 2
0 -19993 3
0 28594 1
0 -31439 0
0 -4220 4
0 20524 5
0 15333 6
0 31834 0
1 -17550 2
1 -15475 3
1 5857 1
0 15250 0
1 -9657 4
1 -12143 5
1 30994 6
1 -5985 0
1 -3756 2
1 10831 3
0 -14079 1
1 24933 0
0 19958 4
0 -2202 5
0 10370 6
1 -3460 0
1 -29185 2
1 -21775 3
1 18926 1
0 -16816 0
1 -28764 4
0 22753 5
0 -12991 6
0 -2390 0
1 19879 2
0 -19177 3
0 -24992 1
0 10475 0
0 23540 4
0 10649 5
0 29299 6
1 31855 0
1 -12179 2
1 -7039 3
1 4168 1
0 14441 0
1 -29000 4
1 25285 5
1 25470 6
0 27528 0
1 24178 2
1 -7667 3
0 -21907 1
0 18932 0
0 26183 4
0 -12026 5
0 25083 6
1 26501 0
1 -9348 2
1 24838 3
1 -30503 1
1 -32617 0
1 11835 4
0 -17200 5
1 -5340 6
1 -21535 0
1 20317 2
0 -8516 3
0 -21907 1
0 31483 0
0 13709 4
0 16308 5
0 12384 6
0 11304 0
1 -21446 2
1 30268 3
1 7945 1
0 -1345 0
1 30894 4
1 -32504 5
1 13950 6
1 -11011 0
1 -17474 2
1 -13223 3
0 -24603 1
0 -31917 0
0 -5480 4
0 -16294 5
0 -10275 6
1 18154 0
1 -15170 2
1 -11516 3
1 29422 1
0 5378 0
1 -8073 4
0 -20462 5
0 21793 6
0 -27178 0
1 -8439 2
0 11359 3
0 6948 1
0 25382 0
0 31217 4
0 -20416 5
0 17598 6
1 -7020 0
1 -8962 2
1 -13286 3
1 13956 1
1 10557 0
1 -32116 4
1 -3730 5
1 10282 6
0 12218 0
1 30210 2
1 -30046 3
0 19153 1
0 -4237 0
0 -18037 4
0 19290 5
0 -20076 6
1 -31294 0
1 -14233 2
1 28567 3
1 -22374 1
0 22544 0
1 -27327 4
0 -9237 5
1 31449 6
1 2985 0
1 -32638 2
0 14055 3
0 28548 1
0 -5807 0
0 -22657 4
0 8645 5
0 -5059 6
0 4130 0
1 -23094 2
1 29095 3
1 -2980 1
0 -21240 0
1 -796 4
1 -3929 5
1 -1829 6
1 -9811 0
1 -21065 2
1 32152 3
0 -10710 1
1 -16806 0
0 16910 4
0 -16867 5
0 -14173 6
1 -11234 0
1 -20412 2
1 31997 3
1 15715 1
0 -30767 0
1 -4161 4
0 8359 5
0 -13102 6
0 -32351 0
1 -18469 2
0 32126 3
0 -1579 1
0 21564 0
0 -30528 4
0 -2436 5
0 28881 6
1 -8140 0
1 -29965 2
1 5226 3
1 6627 1
0 12091 0
1 -14242 4
1 15562 5
1 -17236 6
0 19934 0
1 15784 2
1 4759 3
0 -13017 1
0 -24480 0
0 1401 4
0 3690 5
0 -26425 6
1 31196 0
1 16518 2
1 -14298 3
1 -29282 1
1 -18606 0
1 -4171 4
0 -17423 5
1 -21258 6
1 -9635 0
1 -6158 2
0 -10898 3
0 -1853 1
0 17710 0
0 -2818 4
0 -9040 5
0 10876 6
0 -17652 0
1 13625 2
1 -18998 3
1 3068 1
0 28441 0
1 17156 4
1 12028 5
1 14682 6
1 -13040 0
1 5604 2
1 24291 3
0 19802 1
0 18385 0
0 5870 4
0 -13428 5
0 -20477 6
1 -3537 0
1 -21631 2
1 10008 3
1 19151 1
0 8785 0
1 -22931 4
0 21868 5
0 13266 6
0 1923 0
1 -32666 2
0 -17491 3
0 -13133 1
0 -31095 0
0 -25607 4
0 13591 5
0 18889 6
1 -29138 0
1 -24530 2
1 29819 3
1 1419 1
1 4192 0
1 -5349 4
1 708 5
1 29251 6
0 -16013 0
1 -31531 2
1 -20960 3
0 -17596 1
0 -571 0
0 -18020 4
0 -13950 5
0 4215 6
1 -28229 0
1 -16816 2
1 -13643 3
1 20669 1
0 13801 0
1 -31545 4
0 1448 5
1 19969 6
1 18966 0
1 18101 2
0 -558 3
0 1616 1
0 30406 0
0 -21330 4
0 19306 5
0 10910 6
0 11241 0
1 32106 2
1 -17359 3
1 -12597 1
0 5722 0
1 -4113 4
1 -27351 5
1 -20897 6
1 5529 0
1 -26477 2
1 9067 3
0 -3518 1
1 4910 0
0 -15552 4
0 6256 5
0 -29671 6
1 -15575 0
1 11770 2
1 -976 3
1 -11216 1
0 -3867 0
1 27411 4
0 -17126 5
0 -31330 6
0 -10286 0
1 -13768 2
0 21535 3
0 16960 1
0 26920 0
0 20493 4
0 29358 5
0 27692 6
1 -6048 0
1 -395 2
1 -9943 3
1 23014 1
0 8108 0
1 12280 4
1 -15877 5
1 11038 6
0 -15854 0
1 -11413 2
1 8639 3
0 -8735 1
0 -31092 0
0 14310 4
0 -4041 5
0 -32461 6
1 20344 0
1 -9889 2
1 -18447 3
1 -19219 1
1 -8348 0
1 31250 4
0 -15023 5
1 9205 6
1 -6450 0
1 29727 2
0 4853 3
0 10717 1
0 -21909 0
0 22062 4
0 -6399 5
0 -28297 6
0 5952 0
1 -29730 2
1 28940 3
1 15550 1
0 -26340 0
1 13337 4
1 -6722 5
1 32587 6
1 -28335 0
1 -16309 2
1 -9402 3
0 2446 1
0 -19278 0
0 -30848 4
0 -21144 5
0 13705 6
1 27464 0
1 -3491 2
1 4069 3
1 9025 1
0 19097 0
1 5831 4
0 21908 5
0 -1915 6
0 25221 0
1 25756 2
0 2087 3
0 17744 1
0 -9004 0
0 -32461 4
0 -20927 5
0 2160 6
1 3127 0
1 857 2
1 -15137 3
1 -25401 1
1 -24069 0
1 2166 4
1 -13648 5
1 -30362 6
0 -15525 0
1 -30062 2
1 -1705 3
0 18471 1
0 -10610 0
0 21430 4
0 8924 5
0 -790 6
1 18809 0
1 -12781 2
1 17397 3
1 -9881 1
0 31564 0
1 9759 4
0 -9452 5
1 -14577 6
1 -23253 0
1 7674 2
0 19376 3
0 -9661 1
0 -31527 0
0 -17922 4
0 -24110 5
0 24796 6
0 -26653 0
1 28490 2
1 -12979 3
1 -12473 1
0 -1645 0
1 19931 4
1 20520 5
1 17450 6
1 -15407 0
1 -15773 2
1 16783 3
0 3082 1
1 10054 0
0 28958 4
0 25567 5
0 -196 6
1 -6624 0
1 -13057 2
1 7007 3
1 18921 1
0 24463 0
1 10622 4
0 -10459 5
0 -26826 6
0 -25315 0
1 9777 2
0 20715 3
0 -22217 1
0 -29485 0
0 28587 4
0 22841 5
0 1646 6
1 -6791 0
1 9561 2
1 3065 3
1 20643 1
0 1198 0
1 -7399 4
1 -22521 5
1 -308 6
0 24247 0
1 -17893 2
1 -14643 3
0 21843 1
0 -13433 0
0 -27995 4
0 -2752 5
0 26246 6
1 24629 0
1 -31234 2
1 -10228 3
1 -18423 1
1 31535 0
1 -16402 4
0 -18837 5
1 8279 6
1 28855 0
1 -27081 2
0 -31896 3
0 -7511 1
0 -11904 0
0 24165 4
0 -27722 5
0 -6172 6
0 -24678 0
1 -14898 2
1 29975 3
1 -23993 1
0 9579 0
1 1098 4
1 9514 5
1 18653 6
1 20261 0
1 -26490 2
1 -22064 3
0 -10404 1
0 29917 0
0 24366 4
0 13736 5
0 -289 6
1 -20865 0
1 -13229 2
1 7467 3
1 -3522 1
0 6657 0
1 -8763 4
0 27380 5
0 848 6
0 23118 0
1 -13586 2
0 1881 3
0 32720 1
0 -32074 0
0 7233 4
0 -17018 5
0 -29970 6
1 -26231 0
1 20324 2
1 29013 3
1 -6035 1
1 -14023 0
1 -12902 4
1 22905 5
1 20243 6
0 -22615 0
1 -11917 2
1 15152 3
0 -5255 1
0 -13415 0
0 -11727 4
0 10367 5
0 -25796 6
1 -24337 0
1 3123 2
1 -20544 3
1 27149 1
0 23006 0
1 -11790 4
0 9495 5
1 -13866 6
1 -6174 0
1 16012 2
0 -17336 3
0 9750 1
0 2535 0
0 -22623 4
0 -25702 5
0 30048 6
0 9642 0
1 -7621 2
1 -16072 3
1 -4983 1
0 -17286 0
1 2788 4
1 4881 5
1 -21112 6
1 -15759 0
1 619 2
1 -3317 3
0 -19708 1
1 14363 0
0 6753 4
0 4422 5
0 -2523 6
1 12301 0
1 32354 2
1 -23228 3
1 5500 1
0 14590 0
1 14784 4
0 11985 5
0 654 6
0 -6421 0
1 11214 2
0 22693 3
0 -16206 1
0 19001 0
0 12347 4
0 17966 5
0 -31684 6
1 -31685 0
1 -28838 2
1 -29664 3
1 9702 1
0 -17662 0
1 31875 4
1 -19664 5
1 -16865 6
0 14227 0
1 -30655 2
1 27368 3
0 -7357 1
0 -13025 0
0 19323 4
0 -2044 5
0 11081 6
1 -3106 0
1 -22829 2
1 -23029 3
1 -21416 1
1 -19307 0
1 1259 4
0 12177 5
1 24046 6
1 -24009 0
1 18342 2
0 -8034 3
0 71 1
0 3389 0
0 30365 4
0 25233 5
0 2434 6
0 22236 0
1 -13534 2
1 -28810 3
1 9997 1
0 -7511 0
1 6546 4
1 4680 5
1 18841 6
1 1054 0
1 29051 2
1 25913 3
0 -9471 1
0 -3231 0
0 -20189 4
0 -17326 5
0 -18031 6
1 -12697 0
1 7875 2
1 -30390 3
1 -25388 1
0 17256 0
1 -18405 4
0 17384 5
0 383 6
0 32400 0
1 -30231 2
0 -28250 3
0 -24221 1
0 -19253 0
0 13338 4
0 -25233 5
0 31788 6
1 -7989 0
1 7435 2
1 -14422 3
1 -25190 1
1 25598 0
1 2735 4
1 15428 5
1 -6273 6
0 -24586 0
1 -20019 2
1 -11804 3
0 -20374 1
0 -14026 0
0 22130 4
0 29586 5
0 24585 6
1 -15780 0
1 1034 2
1 8243 3
1 17066 1
0 17272 0
1 -30790 4
0 30197 5
1 -3019 6
1 -25125 0
1 -6781 2
0 2458 3
0 -28081 1
0 -31673 0
0 3734 4
0 673 5
0 -7729 6
0 -11602 0
1 -16178 2
1 -9270 3
1 -20430 1
0 19833 0
1 20108 4
1 15528 5
1 -12185 6
1 29183 0
1 -4535 2
1 -32079 3
0 -7540 1
1 27786 0
0 -19888 4
0 7850 5
0 -7021 6
1 -13114 0
1 -5771 2
1 1694 3
1 -27309 1
0 -13667 0
1 -15245 4
0 31654 5
0 25377 6
0 -10909 0
1 5607 2
0 31403 3
0 30086 1
0 31557 0
0 -2666 4
0 -31735 5
0 27783 6
1 -24911 0
1 -22161 2
1 11492 3
1 -16162 1
0 15954 0
1 -26334 4
1 18113 5
1 -32093 6
0 29423 0
1 -17437 2
1 -13163 3
0 19343 1
0 565 0
0 -9205 4
0 26001 5
0 -9136 6
1 -437 0
1 -9194 2
1 19330 3
1 -5091 1
1 18678 0
1 -19900 4
0 -30392 5
1 30115 6
1 -13691 0
1 -31680 2
0 7899 3
0 23316 1
0 -8414 0
0 -22055 4
0 -30758 5
0 18026 6
0 482 0
1 -4867 2
1 4571 3
1 -4745 1
0 -30325 0
1 16333 4
1 -13639 5
1 18399 6
1 31202 0
1 17539 2
1 -21815 3
0 -24276 1
0 11023 0
0 18742 4
0 8785 5
0 5509 6
1 -26179 0
1 -28266 2
1 31447 3
1 7677 1
0 14950 0
1 -4102 4
0 -25403 5
0 -2293 6
0 19723 0
1 13728 2
0 30913 3
0 21961 1
0 -5788 0
0 -22249 4
0 6033 5
0 18804 6
1 -14841 0
1 -32700 2
1 -13287 3
1 -30954 1
1 6971 0
1 7646 4
1 25687 5
1 -28300 6
0 14427 0
1 -4855 2
1 1147 3
0 -31040 1
0 30313 0
0 -25252 4
0 16058 5
0 10011 6
1 9777 0
1 7610 2
1 16769 3
1 -5835 1
0 -18638 0
1 13348 4
0 -11018 5
1 -4308 6
1 19397 0
1 31549 2
0 -28137 3
0 -26907 1
0 4997 0
0 -5885 4
0 5928 5
0 -12763 6
0 -12503 0
1 -20929 2
1 -28266 3
1 11035 1
0 -23099 0
1 15580 4
1 -31011 5
1 -27551 6
1 282 0
1 -3798 2
1 -2025 3
0 31224 1
1 20117 0
0 11149 4
0 29832 5
0 23162 6
1 -11718 0
1 29571 2
1 21958 3
1 -25656 1
0 29261 0
1 -6592 4
0 30997 5
0 -16492 6
0 7381 0
1 -3462 2
0 -7964 3
0 23746 1
0 2634 0
0 5452 4
0 -1951 5
0 -22472 6
1 -15228 0
1 11442 2
1 30769 3
1 20564 1
0 30009 0
1 28431 4
1 32219 5
1 5888 6
0 6673 0
1 -22335 2
1 10323 3
0 14655 1
0 -30000 0
0 15838 4
0 -3299 5
0 21289 6
1 23542 0
1 -3953 2
1 32460 3
1 5785 1
1 -16461 0
1 -24206 4
0 -16287 5
1 17144 6
1 -18566 0
1 32365 2
0 17326 3
0 -2435 1
0 -29447 0
0 -4978 4
0 23603 5
0 -12770 6
0 17178 0
1 17817 2
1 5664 3
1 14961 1
0 -30194 0
1 9335 4
1 -31102 5
1 -20414 6
1 -21186 0
1 2605 2
1 32629 3
0 -22922 1
0 12566 0
0 -32479 4
0 -21501 5
0 20958 6
1 -6132 0
1 -28321 2
1 -210 3
1 -9 1
0 -3737 0
1 31484 4
0 26751 5
0 -6458 6
0 -23606 0
1 30229 2
0 30292 3
0 29120 1
0 -22736 0
0 -4631 4
0 -25746 5
0 -6043 6
1 -7390 0
1 28918 2
1 -30099 3
1 -17538 1
1 6918 0
1 15483 4
1 -17125 5
1 -21180 6
0 10845 0
1 27662 2
1 3912 3
0 3006 1
0 -22366 0
0 -8660 4
0 -28906 5
0 -10282 6
1 28680 0
1 -23051 2
1 -31287 3
1 -14746 1
0 19099 0
1 -10868 4
0 -10135 5
1 26615 6
1 18643 0
1 7626 2
0 -18125 3
0 19625 1
0 -3459 0
0 19447 4
0 -31904 5
0 14971 6
0 -22949 0
1 9455 2
1 -21262 3
1 -11608 1
0 -26559 0
1 6670 4
1 15519 5
1 -4851 6
1 24959 0
1 9116 2
1 27759 3
0 -5520 1
1 24083 0
0 -23318 4
0 27855 5
0 21524 6
1 -8222 0
1 19735 2
1 7352 3
1 -30436 1
0 19548 0
1 16491 4
0 -5027 5
0 11495 6
0 12542 0
1 -15975 2
0 20301 3
0 23579 1
0 -22387 0
0 -271 4
0 21493 5
0 -8327 6
1 19662 0
1 28546 2
1 -14583 3
1 -2436 1
0 -16591 0
1 10360 4
1 -22744 5
1 -15949 6
0 6433 0
1 4753 2
1 7842 3
0 20594 1
0 11203 0
0 -26098 4
0 17042 5
0 25190 6
1 -16143 0
1 -7971 2
1 -17441 3
1 4219 1
1 -1658 0
1 20615 4
0 -25381 5
1 -22438 6
1 29590 0
1 -3929 2
0 31334 3
0 -8370 1
0 19785 0
0 31372 4
0 -17577 5
0 -1873 6
0 -16022 0
1 21770 2
1 25834 3
1 -12169 1
0 13725 0
1 -27693 4
1 18325 5
1 -30093 6
1 -14526 0
1 -30878 2
1 -10804 3
0 1202 1
0 -3602 0
0 5365 4
0 -2962 5
0 30548 6
1 -3105 0
1 -21176 2
1 16091 3
1 -512 1
0 27874 0
1 -13429 4
0 -28575 5
0 -21164 6
0 -31270 0
1 -12037 2
0 1256 3
0 -26673 1
0 7947 0
0 10697 4
0 -27355 5
0 -3023 6
1 31677 0
1 -12917 2
1 -9357 3
1 4471 1
1 22152 0
1 -20435 4
1 20032 5
1 31574 6
0 -29460 0
1 31151 2
1 11375 3
0 31770 1
0 -1260 0
0 -5295 4
0 -22124 5
0 475 6
1 27168 0
1 -16538 2
1 -9936 3
1 -14496 1
0 15840 0
1 26482 4
0 31867 5
1 -12337 6
1 31724 0
1 -4608 2
0 -19365 3
0 -12279 1
0 12506 0
0 10183 4
0 -22572 5
0 -23298 6
0 21940 0
1 -14188 2
1 23103 3
1 11490 1
0 7922 0
1 7043 4
1 -25735 5
1 -28873 6
1 19647 0
1 18270 2
1 6730 3
0 2405 1
1 18196 0
0 -25693 4
0 2307 5
0 -20128 6
1 -4261 0
1 -1827 2
1 14758 3
1 29438 1
0 -30835 0
1 21759 4
0 15875 5
0 20042 6
0 24848 0
1 13212 2
0 -3794 3
0 14453 1
0 29454 0
0 -9954 4
0 -10659 5
0 -32177 6
1 -6201 0
1 30037 2
1 -12900 3
1 8221 1
0 16728 0
1 -10417 4
1 -32541 5
1 4727 6
0 -8939 0
1 -27044 2
1 -26371 3
0 -3362 1
0 20520 0
0 -12174 4
0 -14341 5
0 -9391 6
1 -13104 0
1 -4191 2
1 31625 3
1 -13271 1
1 -1230 0
1 21599 4
0 -13624 5
1 -14818 6
1 -5361 0
1 -9122 2
0 4305 3
0 -9711 1
0 31387 0
0 -16401 4
0 18998 5
0 23356 6
0 2417 0
1 -30178 2
1 2510 3
1 -28513 1
0 31804 0
1 3207 4
1 -11531 5
1 4623 6
1 -26617 0
1 -17912 2
1 11498 3
0 30796 1
0 15675 0
0 636 4
0 10763 5
0 -9676 6
1 -20185 0
1 -9518 2
1 9680 3
1 22568 1
0 -15001 0
1 22036 4
0 -5554 5
0 -4901 6
0 2446 0
1 -736 2
0 26077 3
0 -15369 1
0 -9159 0
0 30345 4
0 24245 5
0 -11211 6
1 -23247 0
1 20759 2
1 -19516 3
1 17256 1
1 -19619 0
1 -4167 4
1 -31368 5
1 -14656 6
0 -9910 0
1 -16430 2
1 -24389 3
0 16539 1
0 -3200 0
0 23767 4
0 -29137 5
0 4960 6
1 -8688 0
1 -8393 2
1 11877 3
1 32589 1
0 -17489 0
1 8134 4
0 6329 5
1 24008 6
1 -28828 0
1 19952 2
0 -12377 3
0 -18600 1
0 -1729 0
0 173 4
0 -5477 5
0 -21177 6
0 -5391 0
1 25021 2
1 9403 3
1 -3630 1
0 -18394 0
1 4197 4
1 -30594 5
1 11768 6
1 -3999 0
1 -30236 2
1 11416 3
0 -11508 1
1 4158 0
0 1064 4
0 -28211 5
0 -16776 6
1 10303 0
1 -21861 2
1 -5386 3
1 6670 1
0 -13137 0
1 -21447 4
0 -20354 5
0 6690 6
0 -28449 0
1 13801 2
0 -8158 3
0 4325 1
0 -12661 0
0 1333 4
0 -14796 5
0 16128 6
1 -10502 0
1 -3323 2
1 12435 3
1 -2775 1
0 -3342 0
1 8524 4
1 29485 5
1 -30100 6
0 -8973 0
1 -10831 2
1 27053 3
0 -18420 1
0 -6332 0
0 -9959 4
0 -29473 5
0 -26949 6
1 -31452 0
1 17982 2
1 -7879 3
1 -22888 1
1 -32243 0
1 -3875 4
0 -24741 5
1 4456 6
1 26819 0
1 -9462 2
0 20857 3
0 5241 1
0 -17398 0
0 -26647 4
0 -16686 5
0 -28667 6
0 -140 0
1 32639 2
1 24807 3
1 -14761 1
0 -27208 0
1 -17342 4
1 -1136 5
1 43 6
1 20352 0
1 23774 2
1 -26566 3
0 -29911 1
0 -12495 0
0 4092 4
0 -2267 5
0 -21359 6
1 -16956 0
1 5915 2
1 -32758 3
1 -5887 1
0 25582 0
1 18258 4
0 1492 5
0 -30633 6
0 2857 0
1 21182 2
0 15790 3
0 17607 1
0 -27710 0
0 -24856 4
0 -6936 5
0 18240 6
1 -9597 0
1 19437 2
1 31799 3
1 -8195 1
1 9047 0
1 -27597 4
1 3370 5
1 -15499 6
0 -4369 0
1 2953 2
1 27432 3
0 17526 1
0 19570 0
0 -14089 4
0 11020 5
0 11000 6
1 -5420 0
1 -941 2
1 -21171 3
1 23944 1
0 -27749 0
1 21843 4
0 26021 5
1 -2265 6
1 8214 0
1 8297 2
0 576 3
0 27423 1
0 -17782 0
0 13210 4
0 10943 5
0 -15144 6
0 26221 0
1 19283 2
1 -13723 3
1 -28231 1
0 22615 0
1 -13187 4
1 -23624 5
1 -25539 6
1 16697 0
1 -18708 2
1 -13311 3
0 15512 1
1 26556 0
0 -31359 4
0 -19140 5
0 -16922 6
1 14175 0
1 3652 2
1 -5917 3
1 22694 1
0 15573 0
1 -19357 4
0 13708 5
0 32535 6
0 12669 0
1 -16841 2
0 31474 3
0 16495 1
0 434 0
0 -10597 4
0 2223 5
0 -5006 6
1 28444 0
1 32225 2
1 -9961 3
1 13696 1
0 -16153 0
1 15635 4
1 -19657 5
1 -1884 6
0 -31186 0
1 -29357 2
1 16785 3
0 27606 1
0 14944 0
0 -26478 4
0 -8715 5
0 10724 6
1 29721 0
1 31611 2
1 -31578 3
1 2882 1
1 4769 0
1 -28843 4
0 -11443 5
1 27059 6
1 -5900 0
1 9585 2
0 21191 3
0 -31178 1
0 23034 0
0 14039 4
0 -25792 5
0 -5105 6
0 29878 0
1 32511 2
1 -19441 3
1 222 1
0 30577 0
1 316 4
1 2131 5
1 13539 6
1 -31794 0
1 8163 2
1 17129 3
0 29976 1
0 9862 0
0 3099 4
0 19033 5
0 -26959 6
1 32584 0
1 -29675 2
1 30141 3
1 -25757 1
0 32321 0
1 529 4
0 26540 5
0 -5426 6
0 27624 0
1 -32233 2
0 8493 3
0 -1210 1
0 22042 0
0 25272 4
0 -9144 5
0 25192 6
1 -2982 0
1 -22290 2
1 8103 3
1 12999 1
1 20236 0
1 -25067 4
1 13975 5
1 21678 6
0 -31445 0
1 5202 2
1 -22425 3
0 5567 1
0 -31141 0
0 -9142 4
0 30417 5
0 6583 6
1 1641 0
1 5174 2
1 30381 3
1 -10943 1
0 29154 0
1 -25682 4
0 -27605 5
1 -32407 6
1 -21090 0
1 24228 2
0 14785 3
0 10813 1
0 27706 0
0 27453 4
0 -925 5
0 6964 6
0 -3843 0
1 -29956 2
1 -5027 3
1 -16988 1
0 -15415 0
1 -21649 4
1 -13935 5
1 -29539 6
1 13924 0
1 -27481 2
1 12057 3
0 22203 1
1 27412 0
0 -5140 4
0 -1335 5
0 -2633 6
1 -3486 0
1 -16716 2
1 26930 3
1 -5570 1
0 6183 0
1 10383 4
0 3225 5
0 -32100 6
0 -1693 0
1 19607 2
0 7506 3
0 30085 1
0 -32672 0
0 -1366 4
0 15799 5
0 -13667 6
1 27217 0
1 846 2
1 15405 3
1 512 1
0 340 0
1 5688 4
1 12644 5
1 25586 6
0 -9631 0
1 -4014 2
1 -27196 3
0 5443 1
0 -6943 0
0 30036 4
0 2017 5
0 -8597 6
1 -7433 0
1 2693 2
1 -12330 3
1 18964 1
1 -27526 0
1 -341 4
0 29215 5
1 -7392 6
1 -30846 0
1 -18991 2
0 9569 3
0 -3237 1
0 29193 0
0 -7332 4
0 13298 5
0 -15253 6
0 -19797 0
1 30379 2
1 24866 3
1 18624 1
0 -5361 0
1 -25327 4
1 -6030 5
1 -11457 6
1 -23715 0
1 -5973 2
1 -13141 3
0 -32517 1
0 -29299 0
0 -13518 4
0 -23851 5
0 18517 6
1 -8609 0
1 28593 2
1 18909 3
1 -13947 1
0 4271 0
1 -6154 4
0 16850 5
0 -6099 6
0 -2184 0
1 -5590 2
0 18698 3
0 27949 1
0 -24193 0
0 -23383 4
0 -8450 5
0 -30686 6
1 -22046 0
1 4377 2
1 17095 3
1 -11971 1
1 -25913 0
1 23100 4
1 -28791 5
1 27431 6
0 -22729 0
1 411 2
1 -19396 3
0 -12881 1
0 -1495 0
0 8584 4
0 17006 5
0 -15396 6
1 16788 0
1 -17205 2
1 8022 3
1 24750 1
0 -5441 0
1 -8915 4
0 10438 5
1 6162 6
1 9481 0
1 1959 2
0 3956 3
0 4051 1
0 -17025 0
0 12971 4
0 -19204 5
0 32143 6
0 -12493 0
1 22218 2
1 -23392 3
1 -28854 1
0 -16022 0
1 -31728 4
1 -25940 5
1 3381 6
1 16098 0
1 -30217 2
1 30866 3
0 30433 1
1 -28937 0
0 -21352 4
0 26430 5
0 -13760 6
1 -8200 0
1 888 2
1 5496 3
1 -13746 1
0 -27638 0
1 -6060 4
0 24581 5
0 -31520 6
0 -21727 0
1 20950 2
0 15309 3
0 5827 1
0 -30751 0
0 -28077 4
0 -20428 5
0 25457 6
1 7118 0
1 -11134 2
1 24246 3
1 -22014 1
0 12377 0
1 -28556 4
1 11817 5
1 6318 6
0 -3045 0
1 -25038 2
1 28585 3
0 9557 1
0 11848 0
0 -21539 4
0 -9567 5
0 -2853 6
1 10142 0
1 -26284 2
1 -16948 3
1 29431 1
1 -2415 0
1 20148 4
0 14396 5
1 -9678 6
1 -26470 0
1 -19814 2
0 -5677 3
0 -26041 1
0 -11601 0
0 -7389 4
0 25951 5
0 29019 6
0 5176 0
1 -12953 2
1 24307 3
1 5655 1
0 24714 0
1 27570 4
1 17870 5
1 -11956 6
1 6444 0
1 -8392 2
1 -10129 3
0 27437 1
0 -8098 0
0 -20157 4
0 20197 5
0 21724 6
1 4138 0
1 -3069 2
1 31711 3
1 215 1
0 11085 0
1 -27524 4
0 -25674 5
0 -5268 6
0 28235 0
1 23538 2
0 -12118 3
0 32275 1
0 8724 0
0 -5247 4
0 26206 5
0 -15986 6
1 -27484 0
1 29771 2
1 7211 3
1 22752 1
1 -1708 0
1 21355 4
1 -9993 5
1 -19229 6
0 -24482 0
1 14053 2
1 13680 3
0 -13799 1
0 -3731 0
0 -16866 4
0 -23758 5
0 -27754 6
1 -6715 0
1 22469 2
1 -5491 3
1 5878 1
0 -16894 0
1 32425 4
0 13757 5
1 12839 6
1 -15674 0
1 -10531 2
0 12910 3
0 14223 1
0 -28236 0
0 13651 4
0 -18018 5
0 -19565 6
0 -10382 0
1 -15678 2
1 3806 3
1 -29494 1
0 -3398 0
1 -593 4
1 20816 5
1 -12890 6
1 -23780 0
1 -21440 2
1 144 3
0 27340 1
1 -20253 0
0 26976 4
0 -21725 5
0 4290 6
1 -27174 0
1 13022 2
1 -4311 3
1 -21709 1
0 -10457 0
1 -21497 4
0 -21246 5
0 7411 6
0 -19036 0
1 -263 2
0 -12873 3
0 -1530 1
0 29508 0
0 -3456 4
0 -24779 5
0 -20260 6
1 30655 0
1 -31692 2
1 -25782 3
1 7678 1
0 -20510 0
1 20539 4
1 -27196 5
1 5085 6
0 -14702 0
1 663 2
1 15920 3
0 -31403 1
0 -19841 0
0 -22085 4
0 2587 5
0 -26595 6
1 15146 0
1 2842 2
1 -24952 3
1 -31064 1
1 -17307 0
1 -23713 4
0 -20082 5
1 6134 6
1 -10276 0
1 2286 2
0 13465 3
0 -15584 1
0 -19024 0
0 26985 4
0 12458 5
0 -25936 6
0 24512 0
1 -706 2
1 18338 3
1 -4942 1
0 -9640 0
1 -5772 4
1 16699 5
1 -6997 6
1 -31983 0
1 -8859 2
1 -5166 3
0 24340 1
0 24959 0
0 24874 4
0 -26442 5
0 -25656 6
1 -19170 0
1 -24093 2
1 27484 3
1 -9779 1
0 13334 0
1 -10341 4
0 -16140 5
0 -30829 6
0 7182 0
1 16131 2
0 12447 3
0 15092 1
0 -22078 0
0 4502 4
0 -21787 5
0 23426 6
1 5337 0
1 1371 2
1 -29325 3
1 16305 1
1 -11424 0
1 -21193 4
1 8641 5
1 10729 6
0 29023 0
1 9283 2
1 -10646 3
0 4320 1
0 -17877 0
0 16391 4
0 24566 5
0 28575 6
1 -10523 0
1 -23215 2
1 19856 3
1 29678 1
0 27933 0
1 2357 4
0 12207 5
1 30574 6
1 -11014 0
1 -10649 2
0 -17410 3
0 -176 1
0 -2134 0
0 5776 4
0 -19928 5
0 19412 6
0 25436 0
1 -23049 2
1 28841 3
1 -17868 1
0 1640 0
1 1262 4
1 -7450 5
1 -27995 6
1 13781 0
1 -9531 2
1 -26943 3
0 -11675 1
1 3331 0
0 -25672 4
0 -11662 5
0 4846 6
1 19165 0
1 9081 2
1 19008 3
1 25437 1
0 10052 0
1 -29204 4
0 -6975 5
0 -21996 6
0 -3247 0
1 3642 2
0 -14866 3
0 -32503 1
0 -10705 0
0 -406 4
0 -22472 5
0 24292 6
1 -15436 0
1 -19525 2
1 14323 3
1 -19411 1
0 21275 0
1 31019 4
1 -31865 5
1 21060 6
0 -5790 0
1 -8445 2
1 13052 3
0 7876 1
0 -17205 0
0 22227 4
0 -21444 5
0 9333 6
1 18526 0
1 11626 2
1 9057 3
1 6925 1
1 13513 0
1 17299 4
0 27259 5
1 25313 6
1 9157 0
1 -7726 2
0 -20969 3
0 2879 1
0 15140 0
0 22438 4
0 -24713 5
0 20109 6
0 -1964 0
1 5773 2
1 1388 3
1 -3998 1
0 25295 0
1 -18218 4
1 -204 5
1 -1755 6
1 -19110 0
1 -8707 2
1 12442 3
0 -17928 1
0 20817 0
0 -5630 4
0 -3726 5
0 3753 6
1 -13072 0
1 -510 2
1 29857 3
1 1026 1
0 24205 0
1 -7544 4
0 5387 5
0 4381 6
0 -19354 0
1 -3233 2
0 -20141 3
0 28397 1
0 -427 0
0 -25284 4
0 -16253 5
0 -19235 6
1 9530 0
1 19604 2
1 2780 3
1 -2234 1
1 -5816 0
1 -20383 4
1 -23076 5
1 15942 6
0 1268 0
1 -4618 2
1 -6884 3
0 -31012 1
0 31259 0
0 18001 4
0 -21963 5
0 -9188 6
1 -514 0
1 29900 2
1 21656 3
1 -8055 1
0 1583 0
1 -14233 4
0 12101 5
1 -11210 6
1 21305 0
1 -1922 2
0 31476 3
0 -13741 1
0 9780 0
0 20187 4
0 -114 5
0 -3602 6
0 -29001 0
1 12874 2
1 -23389 3
1 -28479 1
0 -2475 0
1 21690 4
1 -27635 5
1 -22481 6
1 -28761 0
1 -12672 2
1 19480 3
0 8676 1
1 23833 0
0 -28352 4
0 30558 5
0 -17278 6
1 -12217 0
1 -27977 2
1 -7704 3
1 26717 1
0 -2387 0
1 20692 4
0 -21035 5
0 7345 6
0 28592 0
1 -13147 2
0 -8638 3
0 21339 1
0 -7446 0
0 23538 4
0 8374 5
0 8122 6
1 8141 0
1 19938 2
1 22640 3
1 -25290 1
0 7213 0
1 -2274 4
1 -25153 5
1 2263 6
0 22622 0
1 -6814 2
1 -28322 3
0 -23501 1
0 30830 0
0 -3616 4
0 12587 5
0 -18234 6
1 21474 0
1 -30210 2
1 -8288 3
1 6977 1
1 28455 0
1 18229 4
0 2699 5
1 -13794 6
1 31190 0
1 10483 2
0 1522 3
0 28976 1
0 -28344 0
0 -20280 4
0 -28848 5
0 -25553 6
0 21193 0
1 -18236 2
1 24217 3
1 15905 1
0 18742 0
1 -29453 4
1 20549 5
1 -7365 6
1 12480 0
1 -1614 2
1 -28075 3
0 30780 1
0 -20284 0
0 -22951 4
0 15712 5
0 -21275 6
1 -2488 0
1 20817 2
1 -29247 3
1 2948 1
0 24814 0
1 -24538 4
0 -8690 5
0 -7408 6
0 -26192 0
1 10656 2
0 31781 3
0 -23479 1
0 16097 0
0 23739 4
0 30096 5
0 -32362 6
1 3653 0
1 3996 2
1 -32333 3
1 -24 1
1 31989 0
1 -31714 4
1 -30271 5
1 -2263 6
0 -26721 0
1 30350 2
1 26368 3
0 26129 1
0 -15239 0
0 -29103 4
0 -29521 5
0 15919 6
1 -4950 0
1 -29916 2
1 30572 3
1 31980 1
0 26616 0
1 -25420 4
0 -21455 5
1 25838 6
1 1996 0
1 -6965 2
0 -28693 3
0 -14328 1
0 31962 0
0 -6814 4
0 -23380 5
0 -25218 6
0 13526 0
1 -19923 2
1 28452 3
1 -31772 1
0 -23086 0
1 15259 4
1 18199 5
1 12638 6
1 10258 0
1 -10175 2
1 -8904 3
0 -6481 1
1 -2957 0
0 28892 4
0 -10212 5
0 -217 6
1 -12777 0
1 1034 2
1 -16420 3
1 -22535 1
0 -13569 0
1 1804 4
0 24882 5
0 21817 6
0 14300 0
1 -467 2
0 25469 3
0 20939 1
0 -2209 0
0 1208 4
0 21789 5
0 24544 6
1 823 0
