29614
3148648
-5148922
15710811
-19296262
29648411
-32908282
28359524
-10199672
-34876589
98443597
-179380120
269213729
-351881240
399249956
-385015165
273996729
59501191
-3050737556
2252454053
-4993627049
-5829520370
-1228446050
-3438977899
2567913531
-3396207153
883646159
-40487306
-3255883829
5640866625
1035102963
3112651376
2614098606
-4946470546
-17089929
6375521337
3275621209
6384965379
1501087010
-5587898609
-914054730
-3750908658
-820285933
385400830
3611029587
3960182460
392316775
1524699687
-3398883698
-1430244259
2010885139
4730797767
-1712286109
-3185058733
4053665584
500748530
2495730627
3830426475
2901131454
-2787586584
-5318201956
2077011026
912495701
5116212993
1342952698
-5640764916
2245414472
-2653157563
780494614
4257141470
-3834624836
-1742829795
-1077198628
1654571583
-533447512
-1922346671
-3590200925
-867081609
185678093
-963444019
7166165931
-2259125623
-4902136312
-1938943729
-5944978233
357349242
-904220516
53734655
923064766
-3853419522
-799598662
-3832463543
-5620393217
-2278395864
-3284627448
-2755388242
659684903
-2453717632
1132435174
1830594805
-2611658724
-436225422
357795095
896598279
-1808818605
2095785514
4058538241
-2739151041
987406218
866891985
-5671100067
-2959403859
-7003621943
-94347123
3390761595
-1105696328
2965376826
-448238331
-1039008968
-5910970645
-384527386
4638865930
-2476559148
815620546
-1502107190
-933921884
3067878146
-3108955965
1018015688
-3019956060
-3726804476
6263138937
-3704731436
1392361529
-239925292
-7561780031
5959580614
-85760014
1468025483
2694785242
-2532502254
3640789760
451960369
4539945986
-1687446651
-3309534857
-135372225
-5183528643
-375479285
306165061
4425622460
5579075926
4253671032
2990981828
-3177082000
-4411889550
-2061801973
-1996930823
-4226782359
-425485771
1567496814
-1323610802
373468148
3434018746
-409173372
-1304138413
1229550092
-1658127869
472623646
-2191758753
358227128
7327293293
1781534177
1925988310
1086371564
-4757938610
-899568318
876562750
-1225622480
1537203326
-506428617
-2132128166
-60039402
-245778020
2352930836
-455005455
317328234
-1263485923
-165640973
5504302418
-556808696
5006286631
1590459034
-4094932143
3976127439
5282999321
2633210323
-1208058908
2979429228
6630115313
4827931553
2586032113
-463673645
-1875142944
929852155
1112057145
-2760207830
-2096578810
1036182241
3783441941
950558458
-973206876
-1254173438
-966755242
3006454241
4854060503
1965668545
-760289607
1867844136
721769722
-6660398473
-362456998
3334746404
-723165782
5571458916
5750789865
4818351483
2365372463
646944633
5300263941
-632905223
-108863365
2401493936
-5906139974
-3240906141
-2339575408
1636057382
1673275297
-1468019641
6904511686
1406376649
-1798774919
32795448
1640806838
-1322925531
-2136453173
-981532877
-129298720
4589739723
2200068785
2288838689
-1180096091
3692446799
1299622962
-3503333480
3784982937
-1164145865
2657543715
5781677248
2167742238
-504739559
-1555472785
3281329139
-2112972692
1271627261
2769891786
1381950542
4495951874
-5650224414
-2869888269
5324929075
172346720
-286046818
4307724496
2519185761
-2412521642
-2564302950
-3577630330
-4372251031
-4210197733
-4839230089
-1530544903
989875639
-288883889
-873144939
976731959
47781908
1687147682
-515238620
-4641202286
-3439902796
33714403
1751868155
686898627
-3066792951
-467110044
4116078414
-4189098199
228829514
6686902048
-3229010592
-524648392
3131239984
-3420429252
-438013694
3157673823
1926188455
-1232286770
438215
468724445
852135506
432750829
-4746277723
-718003476
4067177095
-414279065
-5092732845
-454915390
2079985417
1476241865
453712258
-645178930
-1101082350
-4650419010
-318194075
-1949521247
-5660786382
-1646396492
472011803
-2285888151
-2655208664
-5819997
-1101154700
2398416701
2858953794
-2059424046
-2372071480
-3870026535
-3553879723
401161659
-1455157474
169005363
-1142692886
1253117289
5784598151
-2371826219
-3724694654
4082907330
4922908669
1285750430
122335949
-2546086704
-3829464425
-674151585
1079554020
-1038379818
2305488714
3033038374
-2679719104
-915845385
-544741929
-2821631747
-1433440478
3181848034
2739032332
-2909774412
1538933481
-1827105009
-5955960702
3418467106
1245564921
1820885931
3016244013
-5488479813
-2135568680
-1766963915
-4171313457
1584026231
3561241177
1004002266
52036906
-237109406
-806930196
1205736477
-3094066876
-1366539511
-122643623
-947872544
2795418168
206322021
3523387007
-3230022427
-4418401254
1560388963
-935103996
535624288
-252815306
53203030
67344899
-126062808
139553770
-124730262
92455833
-62015701
33599934
-11887268
723570
2047920
-2820537
2568990
