0
0
0
0
0
0
0
0
0
0
0
0
0
0
0
0
0
0
0
0
0
0
0
-995484245
-776726746
-2593239735
-1534054984
-642772184
-2426910636
2774510928
-1439946006
-1052106917
-3348732979
2909645129
-2912266549
-3198394542
-2891164118
-2760224189
-3493566434
-3700920756
-1226824560
3330776252
-2229255568
4085876283
-341702097
-3646526291
-272627680
-341702097
-1399182925
-1707330846
-1007673848
2938349678
-3162481088
2423240648
2307767097
-2903878005
-2073018936
-1797638765
-2049819369
-3863579867
2801249412
-2389817543
3208093796
-1965016432
1747176430
-1625411471
1407178256
2163588997
66977281
3531052740
-1780468464
-1642057488
3478624340
664267828
-2338568782
3778514788
1891354530
3794898663
-1088413584
-2322709191
1621479341
-193460796
1904592701
-3762130913
1906296624
1607454744
2188492487
-2546971672
1372182299
-1043718373
-2733878918
2933762193
3352534038
2253372632
-3040847200
3754266653
-2826546115
956425087
3548223041
-2396633235
-644607178
1451087041
2173943606
1817037273
-3730280660
28049194
-2478159397
-1793968777
-2893392325
-4286283842
-655879284
33816318
-4259283216
1354225572
1557516693
-1565380953
-84147582
-965600057
-200014346
-821553028
-3601700009
2754588136
3212288068
1236392743
1756351400
3714158927
3198394542
-4273438884
-2457974463
2151006181
-341964239
-2555753429
2580132635
-1374803719
-1723452579
2824973263
3185942797
-522449006
-921298059
-4073293467
3931998929
-2537010276
-1286986149
3283590692
-1069801502
3212025926
2802429051
50724477
2038285121
73530831
1443353852
-1152507303
-2926684359
-3495663570
-2602152563
-3895823333
-3316227371
-3176243543
-858252908
3252526865
1580323047
-789702775
-4137518257
3431700922
544075721
-3120800510
1878509572
1353177004
-2210512415
1265621576
-109182143
4009199748
-3964111324
-4161897463
95419688
-2101723485
-1213062105
2246819082
-1911277322
429650738
2214182403
304740075
-1078190046
-3412433485
2721427173
-3721498903
941482993
3166675360
1326438520
-2537665631
-2990122723
2318908132
-590343784
-490336611
3152388621
105512155
3835792815
2036581198
-1830275444
-3646133078
-3850997051
-3358301162
-2702552949
1751108560
3080823855
-3333135530
-1863829620
567799572
-1741147164
2524296389
4181820255
-1861077129
4052715320
2234891621
2517349626
786294929
3423574520
-3109397333
3388709634
-1431688533
2309733162
3607729275
17694585
3482556470
684845975
-818800537
-886826386
-2000405602
-2382346496
-3897527256
-833873702
4154819629
-533458970
544600005
-1622527909
-2306325316
4259283216
2103296337
-3448215868
2365438337
441840341
-1785711304
875292138
68943346
3264192184
-3229458369
-2463086232
4256923938
1722141869
3835530673
-882238901
2084684255
-3613758541
3641283451
3932785355
-3009521231
-983687855
-1898039151
-2095825290
3180175673
-3354631174
-3713372501
2889591266
-2721427173
-597945902
-1722928295
-2907679064
-2858527439
2919737596
412480437
3263405758
-2687610855
-3858337027
2401745004
-1648611038
311424696
2179841801
2058732197
4111566199
3748106316
-2692722624
1765526370
2713562913
-1367332672
-2731388569
-200538630
-78904742
1419761072
-2351544811
-4047865693
2919868667
-61734441
-1776798476
1818479054
843572956
-986440346
1432081746
4004874405
-3496974280
590605926
-52821613
-1115152068
3703804318
-890365303
-61865512
3800927929
-3592131826
2368584041
-2319563487
1946273279
301201158
1457247378
-1976157467
190446163
-890627445
899540273
3600389299
-1748749282
3086459908
-1171774740
-2513810709
2438051671
-3746795606
-113114273
-3899493321
667544603
4111959412
2516038916
3118441232
900588841
1939195445
-2252717277
1433261385
-2843978558
4249846104
-593227346
2461644451
1737608247
-4136076476
-3915746125
2764811674
4029384682
-2581312274
-3939207834
-154270567
1866844253
-4290871327
1211227111
3931081432
-3359742943
411300798
827582294
1724894360
-211679665
4003825837
-1608503312
-59637305
2832182168
3137315456
-3777204078
3791359746
558100318
1034936616
-1224072069
2346564113
-1950991835
2041692967
1715064035
-2133966951
764275001
-1459737727
1484379075
-1252907689
-2010366998
-4186145598
-1546244587
-2301868902
-318109317
1542705670
2969151363
-2982782747
-1898432364
742255073
-2755374562
-1353570217
2823924695
2646323490
2815798293
-115866764
187300459
-1771424565
-1244257003
1739967525
-1262082659
-1579536621
-2522985679
-1864353904
373028066
-1003217434
-2308291381
-1726860425
-3045434685
-3612447831
-1455019171
2044183316
2914101543
-1404950049
2674765897
4133455056
-333051411
-3554121236
2775690567
2525607099
2624303562
-2928650424
2309864233
-373290208
3383728936
691006312
-2515907845
2331228806
-398324769
2892343757
-4141450387
2760224189
1088282513
-3858861311
-131988497
-1862781052
300414732
3408894568
-3596588240
1813367285
3952446005
-1444795633
2079310344
-1360123767
-3177423182
-1719782591
-389411941
-3042420052
-1376507642
-3424098804
3112674108
182057619
-3900279747
1203756064
1889126323
3156058609
569896708
1346361312
1157881214
-992731754
-2303834967
-2748821012
-3180044602
-3430521283
-2737548906
104463587
-2339486279
-3486488600
-3512702800
3626996712
4156392481
1305467160
3782446918
-2712645416
2792467655
1749928921
-4072638112
1500631879
3892808700
-4075128461
-1951516119
-1093787495
3518600995
-2044445458
-643427539
1246354139
-3118703374
462811701
-1994900620
-2734141060
1080942537
3131155119
-784459935
-453505660
4175266705
3473512571
-2822613985
-1443222781
2379462934
-920118420
-4101735874
391246935
-1285937581
-1472451614
-1066917940
4088890916
-1262869085
-1709165840
-463598127
-3819146798
-3700003259
2485892586
724691559
-2041430825
-792717408
2666508424
-845407950
-3713896785
3599733944
409859017
2465314439
-3047793963
-2019410897
-868214304
-890103161
3228147659
3782053705
2655629531
-2734796415
-3438123401
-3189874927
-809232354
-2065547889
1612304371
-4152984635
-407106526
-3146883639
138148834
-1664208487
-1047126219
-2068300380
-3293158875
3825044993
-1718865094
-3265109681
-57278027
-1794493061
4089677342
-3431307709
-1945224711
1281481167
2542384187
36962022
-1535889978
-1995949188
3085673482
-2433464186
-2776870206
-803727372
-968614690
3759116280
2443556653
3271401089
-1077665762
2577118002
-2115879153
3878390890
-1903937346
-406975455
4151936067
3560936928
4158096404
2575151937
-558493531
-812771271
-1717554384
-702671631
-3488716807
-2645668135
-3047007537
-1138744848
-3778514788
-524152929
1350424513
-1376507642
-4122445092
3515193149
2667556992
-2222439876
-1257888387
-710404820
1076617194
2188492487
1857931425
3728183524
3895561191
-773318900
-4167271374
4270817464
-390853722
215087511
-2764287390
1825032604
-456913506
3567359407
-974250743
-4043016066
-3108348765
-1128390239
-2889591266
2200419948
1242684151
2109980958
-1074782200
932963378
1329322082
-3469449370
844621524
542371798
-3602355364
-880141765
-2054406854
-3116868380
-3561723354
4017981505
1985201366
-1346885596
-4192043793
-2512631070
699525927
-1379260133
-1443615994
1806289451
2511975715
-2023211956
2428221346
1200217147
-2504766810
-1713360112
1249106630
-67370494
2792467655
-3769733031
-1601294407
1067049011
2814618654
4088104490
1635766080
-326104648
478802363
-648801450
261617716
1344526318
-1674694167
107871433
0
0
0
0
0
0
0
0
0
0
0
0
0
0
0
0
0
0
0
0
0
0
0
