384662
-347134
217227
1358873
721136
-1390245
1181301
3284007
-5976308
635019
10654650
-12411046
-5859729
24468450
-16488849
-17179062
42395592
-20127599
-37959597
68594307
-18310253
-74380059
103690230
-6828592
-135106889
152127525
20337849
-230280490
232983690
37101555
-340311842
979714335
536492313
-3303834088
-4227861793
-1845414109
-2013333037
-1090549205
3615028278
2962173487
-2313278058
-244537512
4890462296
1235187103
-4570713933
-1858423107
3691457545
3117060240
-1173066775
-2406348674
-767026999
-1132491727
-2248748269
640769567
4252050892
2943737939
-386249386
-1048600037
41238322
1179872411
3071374756
5024656213
3007652331
-2979135221
-4531066306
1051090913
4476070975
2581800004
1222457159
729710285
976801554
3981714093
3432039413
-2405565199
-2782365910
1584543711
592838195
-720712865
3876774715
5826289996
2368986831
1487158713
2950907484
1459689403
-558575656
805344264
3278938740
4083936085
4507270505
4453618137
1052018959
-3166171385
-2781486848
-173051118
1067810326
3635763420
5195693517
472049996
-3160320691
1353682821
4128979970
-974897183
-3769031765
-798081902
-249066740
-1615489952
769605587
3591047534
3403134267
2993150251
2375353248
-208822761
-2084543174
-1014197386
1279036574
2535772203
2195266460
1745035573
1814200199
791391210
-392747484
-297997426
-2008884593
-4846982423
-2425907549
3265098887
4129002334
1108226905
-512340225
-1344917679
-2780988359
-3417154182
-3551045976
-4521731727
-4809486659
-2284908433
1362094923
3633533900
5310250940
5025902328
-191908041
-4789200616
-2872565117
-1172625028
-3820482069
-3124818768
1576912790
2644091830
752568067
723037723
2724572987
4982120989
4351358967
478554492
-1703983009
-770548884
1819348637
5040731492
2679042951
-4185410978
-1968973893
5644798005
2547091257
-2968271589
705007467
1114544956
-3568060696
433740288
5179079688
-420167039
-3480817626
509274476
-911944946
-4050927078
1154491425
5853310883
2326396484
-1539127951
-1567419025
-981112103
806911039
2620427236
394546687
-1778985245
888297460
2566008519
146484422
57095309
2233652298
949162523
131215667
3944023421
4605798748
-933698626
-3469986172
-1068468658
-362908310
90078279
3302479874
4239530726
2377153248
2906333145
3304370326
-920880194
-5538892015
-4627913529
931999507
4218158224
1655932186
353276335
4201172537
4617436745
-72271715
-2042674744
-2887423478
-4420026776
-486661304
3399132660
-1377792223
-4625342699
187401535
2222589449
-64520594
1023330437
1590552179
-2255615420
-3535800823
48366399
2193954492
-294861536
-4185521473
-4306553200
-878847380
-17611264
-1837320668
-281359100
2618480172
841829775
-2420338320
-2663039114
-2027600922
-797640068
2025808708
2597482823
886666907
1754039761
2063005186
-2588815368
-4344131369
1845764753
6166825116
3614919330
2086925516
2793744087
-273696433
-3080306476
-78182050
1939975279
-644719939
-747414870
1577676570
848984700
179251354
447344678
-2873664812
-3787009862
2530760276
4997868497
204180919
-473265743
2317722276
-600555175
-5181878584
-4562821023
-820984640
3324484784
4382811633
-644350274
-4122791375
379778727
4233241761
2766007957
3537993444
4777084859
91842348
-1801328823
3767192300
4943665144
175116374
-1572451137
-2854346103
-4655445554
-849125837
1491163303
-3054775108
-3024250753
1399403467
-721575431
-2370238263
2598365911
3065641574
-1906734028
-3414490914
-3609064798
-3250066043
1323957525
2505265556
-3013962850
-4148882057
-1393111955
-4595441680
-5908441949
2527707620
6200840586
-911892210
-2616084513
2711283310
1648073745
-1002077970
2773098961
2874607092
-2391087823
-1122708506
3917310840
2697759279
-2157275034
-5188397912
-4843096388
-411170981
3903187460
3396796487
311690350
-480572290
2750543771
4830450814
-16359785
-4238539751
102729317
3094510754
-2024720883
-5642176536
-4266218525
-3143160164
-1512170812
1124839447
988234243
-1562871136
-2513390206
808673763
4899715232
2612776009
-2678965066
-3030724782
-2316377099
-2045218613
3653414189
6772402005
244428859
-2391910670
1964949692
336216346
-1575959709
5013812000
6060215894
-2762936293
-5532563376
-1956055619
-2662055338
-3681485417
-623440193
1474863755
2244493781
3040476910
1818299467
1695537711
3817138792
1178967298
-4473005140
-4098381247
-1620590382
-3509786971
-3260057553
980096556
1038544069
-1771032967
-1698713574
-1405974630
-332556144
3654830648
2499874575
-4252696953
-4340571890
628097905
321485015
-1069250996
1462495910
2571357808
1258596859
310906176
-657142484
49103754
2674129228
3399730513
2551924313
2276121053
1688547645
927675146
223470615
-818144287
-1017024175
-1038320332
-1468334278
-317444433
283433584
-1067421784
360032776
2260215795
-1349304095
-3685330253
868717628
3671190954
807068475
-119721695
3126800402
4310333956
775531318
-2318711710
-1675385412
-1777812975
-3424009458
-628727737
3435329045
211277332
-4863575057
-1620256159
4826846834
3655967280
-1788823414
-550274698
5064777805
4607337273
688132373
555475930
405098375
-560585831
1961283316
2160605709
-1594406740
158380702
3952567021
1636075880
239158237
1128139249
-2912020013
-4356460774
1973737914
4020216021
497918181
1868128449
4705834224
2345684928
-533702609
-1639971642
-3080858539
-2784208241
-1703590370
-3141715790
-2183531542
3672822767
5447074412
1309014475
687422903
3324757722
2764175951
2403672802
3621423133
42867168
-5197596974
-3676220186
1090455695
1233911037
-2860416625
-5063735654
-1575108944
1839915120
-1270021877
-3167305945
2328775177
4146439210
-1750512186
-2853475410
1066572242
-1299917675
-5818368417
-3036656873
920807357
-1479979914
-5079996032
-3286607878
2180640792
4565653213
1106566529
-1506926953
1906645635
4885202472
2871088214
1460340293
2421507401
1853523905
397112618
-886481059
-2604398392
-1687068628
1385582862
1583341019
1272408364
3996935494
4904355476
2218730846
-493782566
-3697604269
-5594054189
-1423877996
3489538362
1526832181
-3211642441
-4985602077
-4361973667
-1089497907
3856559087
4570413440
-295604429
-4574537315
-4956289855
-3456978874
-1184808288
552547274
-1089092951
-3201014041
-409048119
2532793064
-286546484
-2739462793
-1567986086
-3025052653
-4531864562
191891291
4196473233
2656873529
2654010574
4619552828
2997409619
620921476
676109484
659604495
982321879
2729415205
3050812472
1234556549
-902729901
-2350235591
-1684219343
80159992
-615723714
-2420070463
-1995202174
-1115789436
-616757733
1814912979
4109473870
3450827619
1827188315
302272528
-1192821027
-1017834536
-1070119036
-2928161664
-1774701812
1805424341
87578202
-4779776440
-4694514778
-1123947540
1065585003
1212073085
-85112256
211785996
3046253234
2736262396
-336989184
924558825
3163398287
-269923461
-2972785513
1251828789
5664188087
3945075254
-243427734
-1230038957
772651652
2017878509
2038466424
2629401183
2227285285
-877168170
-3819627918
-3742169310
-1508781101
940193212
2700719830
3139763771
1713880016
121437498
765793313
1910106496
1715674797
2187892741
2061965718
-280803103
210164536
2253061584
-1275639848
-3622963895
1189396835
1493457350
-3494056768
-972533060
2395178658
-2199105752
-2123281119
3269144660
-349840044
-5021884160
159481319
1932810087
-3714215316
-2954957516
1666987376
-380954615
-3887285775
-3917614336
-4018054695
-2811647097
857491551
2016757900
435652998
-838960341
-2869112756
-3478943242
1163462444
4197906163
-878400327
-5200922936
-2482631923
-1603917875
-4239172077
-552245922
5676337026
2808354734
-3342030321
-1013855739
5397300527
5421847421
-334115369
-3199220645
-58193185
1792503591
-1785739917
-3379788870
-453795295
-1064683330
-4164384150
-1339241575
2284247932
-1449694080
-4337043497
1149546316
5665932368
1945204446
-2639925614
-2126711766
-1166246743
-3218189201
-3258354807
1693613250
4720477766
1772886952
180427547
2245883505
267512952
-4465915017
-4552484940
-3748416292
-5428010565
-3220470463
1808104994
1879508042
-493571833
-105666934
421965117
-271711968
-67316314
243123770
-143945660
-60544501
151641622
-73723797
-51899192
91653230
-32770728
-39969410
55618312
-11911739
-30096899
29783340
-1877558
-19747574
14887016
2530080
-9979468
4775926
1835521
-3163858
2044148
2799778
-3158736
-352384
-81180
0
