76870
-240750
454131
-378682
-431819
2623931
-5971332
9755152
-11830426
9228126
933443
-19725803
45585165
-72435498
90200035
-86007583
44281025
56275431
-273403252
1042535820
-1378338827
-2804248103
1496463621
1184959900
269504624
1252125782
-1046608363
-1117230994
3169330187
4466211127
1064816757
2186216756
1385276895
-1427786467
-1627839979
-4557425373
3076876277
2607434356
-5436451339
-602195371
-2840267440
1068522814
5197267217
1489274887
1798001241
-1654610900
-1165486862
-3373696918
-2975449875
-2377008334
-3706752317
337403310
-3976934511
-780758694
4155070624
860146783
-1281140835
-2167610964
834857625
614336402
1527971490
-521461471
-5342413936
439155969
2922186626
1121014569
-1097749514
-6358092304
-2527079916
-1382269599
-609730894
2838085688
-3539177624
-3053684878
513585336
-28786892
-192310645
1918716764
588055360
-1934543243
1109110026
-802390954
-669186311
-2383576276
-6070676777
-3500035641
-3474076033
-5546981339
-2229649030
-875647042
-1744316712
2506905028
2511678585
-1171712420
-3739018106
689154188
709742494
-5881918869
-2445436650
-2603200655
-4397952903
1008097431
4502010828
2479575962
-2358783726
-610217431
3037577374
-139817345
-2464348361
2242844443
3853534526
-1227002347
-118443740
2393065799
1587088439
-2366610644
-5477666068
3073853856
4865525669
-1858373383
-2039176088
265206365
2421019368
1799248247
3064311544
351385575
-6489549448
-3851879907
-4827090820
-3604063965
4671674692
-2479632469
-3982875131
2556751466
1116449251
2652153378
2524973643
3489855242
4051429565
1336310395
1390843709
1092701250
-1770168574
-1424902354
-2163158778
-3986813604
2442026702
2961967730
419221942
1394365153
-844599311
1151609416
3944479670
1641714017
-2801322028
2114149019
7328155541
-1655593124
-743889022
3979207609
-3296575822
-5204041390
-4971660560
-4381319328
-537035961
-3656610186
-873304261
2121564605
-4186648657
-3865976395
-4938321432
-1651226246
3423104846
-2387324936
-710882012
2245502087
-3433860830
-2009265457
761510860
-1443469932
764575564
2561808519
3202063024
4738219539
936713452
-640388684
2344447223
-4927178542
-4942168685
3199416072
29053267
-784245849
-1916634441
-1085024047
2027861906
-655612809
-559895807
617651414
-394879584
-944214920
2061123540
-2129734653
-4100407407
6056817571
2080191892
-2760205984
1753777725
-449719221
-1323980471
-55306298
-3485698404
-4904621026
881056677
-1056763447
-944415574
1950911769
-341387753
890482284
-1341345784
2285713252
1209017888
-7692198614
-2063187084
5460783963
3466478576
1222280573
-1450895327
1197443634
1812698902
-4708671232
-1949778621
-1231424799
1593479439
2950026349
-4885222569
-2237669645
-924290338
-2366879150
-2184499446
-3528316980
-620109627
491672822
4977971386
1902967743
-2309184525
4258689603
-1393412844
-2782023416
-65724001
-5032201944
1250821373
6170635768
-126229333
-2421364147
-3054381984
-3828713564
-1779269381
-1200898979
-475230247
-2718318615
-2830541374
-1011709761
2583792690
1806640318
-6717348417
836635468
7460586798
834961504
-1043752879
-2373099158
-1691966804
700662079
-2244534013
446672005
2777335149
-1446663554
1402984654
1134001149
-2553359355
1212322492
901429391
-1800631144
2709244091
3617939431
-482268934
2626902574
1991547945
-3673873119
-2762509699
-3384872023
-2685891622
-1802082662
-14488013
1355540328
-3110787260
866981345
3915157043
1879899337
2632656816
1242698195
-2311066027
-657072887
1261176505
-885264550
3466856310
-1108191221
-4778431236
3100711732
1396190376
2901094485
2620046353
-4558666951
-147291613
-2075406990
-5492754867
956497868
-375988858
465982865
-2894781873
-6739565830
-1358945953
-5530196994
-3050203116
2104894364
-1485513145
632973786
1100637860
-2844005814
-157424954
2599777639
-3400845708
-6445483480
-2291331299
3455489671
4984828179
4066328405
-529494813
-6126614116
-4054407094
-1294953432
-1193175674
-1009930944
4203177858
3633020462
-5619586141
-2687313799
2575562120
-2249753358
720782383
-253024817
-3599774912
4100228748
-748096728
-1904572371
4659469155
5045485816
4483152104
4779233822
4215448015
-2738262968
1448143475
273185014
-3480992635
1912836821
-3263171717
-84175316
619187393
-4796543099
-345069522
2018862973
249636623
-1512642038
-1481822232
-2333096251
-1453220801
-1652083370
934055571
4432403434
-2064285348
860751442
7235625272
-1823355757
-2125767226
5041238734
194179393
-2145594573
3870800869
5619908202
1911256190
179391049
912037524
1517862382
-458870746
136691275
-559962718
-2169297080
-561575194
-471843297
-972927948
-2784170201
3016937695
2159163741
-1694439136
1772540933
-3739417392
-5960500265
-3054394677
-2406410278
734788348
4730924243
-1044196773
-4911142910
775681304
-2622795231
486275725
8032325979
-3450010959
-4241735351
5394600818
-71671742
-4370780988
-4293581222
1823079126
4933658974
-1802499774
239741958
5324383004
1367404027
-3276331108
3144407753
3092475322
-3243576001
1962067315
5377467715
3886347103
6230244639
4048049231
-1407150666
-2226267723
-6006376938
-3267091151
-285234158
-6976175080
-3646639999
644480005
133455992
4304797947
1650106070
-3271975880
2051206088
3106076946
-539245233
4008199426
2857064896
-2785483906
1997646308
3586136509
-3617666710
127781130
3553852072
-2667619648
-842005367
-2865499096
-3365596213
290841462
-1966491932
-1035382574
-1586441383
2017342546
13166495
-5075515374
-166280026
257664691
1545969845
-414576406
643316717
3359401938
-713681747
3995279191
2201991119
-2161790109
-1850079455
-2508705925
17598331
-2358603077
-2664443733
4520613639
3939578293
-1549952912
-2745088714
-4112727253
1485426315
6841502556
5657248315
4009087785
957028414
-2402424086
-2046761395
2866105554
4423893014
285991317
-4227896943
-1779795761
796811279
-556541078
-716828858
-389830084
1729592993
979916256
-2156155656
-713646717
1473325979
8122135
1288984203
2545085266
-2804772322
-992640557
2850429652
-2089559954
2323647114
5918496882
-3807399742
-2220201939
-1269041214
-6268343406
1635335296
-1720034476
-4176233551
1892256566
-4312254159
-3514811914
2333199518
-3322698805
-3809122630
1390431947
-742841967
2230629328
-186866046
-400227745
2080499519
-1108253780
2008064711
-3303951755
-382062461
5693358938
3718305159
3567850947
3640679169
4099000302
-2732093135
-2118853602
-3727300853
-3589402478
4477767762
-45260050
-1802857341
295369302
899292304
1180881124
339670080
95601477
442236837
1649018377
3494302938
-129246138
-4047581070
2270113785
2570847166
1476041346
156383610
-4946248879
-181227698
3707634467
-406864792
1204471542
3442703737
1314676424
2311761153
-5431746720
-1949236266
7642745945
-2244849687
-3517703180
-1261808405
-2343301096
1685806529
-2943304272
-4829052100
5023559725
4149630338
-2538243271
2470333049
1203394362
1594178910
6241776917
-3340017527
-2443556085
2435025265
-124047850
3105074321
558795006
-2719590244
228737109
2045543366
3849471865
4129571712
799167018
424027272
2158526664
3170316308
2517884979
-414350846
460343917
135816588
-2718094139
-1188309836
-306317736
-760264452
3171931750
264215449
-5100975798
3917617364
3147423376
-2330602873
3138015229
2914095521
1491564118
433555197
3461174494
3668586069
-732838601
1381550410
-456944112
-296118022
3183937258
-2390011488
-2281789974
2738236038
-4338443948
-7222079609
584754255
6514896020
4536423518
-2210774923
-2008218799
461592041
-198361243
63121193
16861254
-56802234
66290876
-55625371
35895155
-16059639
1589303
6396065
-8166144
6765879
-4161784
1717498
-652748
-124612
266072
-114940
