0
0
0
0
0
0
0
0
0
0
0
0
0
0
0
0
0
0
0
0
0
0
0
2284698601
-508031196
-1169022249
-3825569277
-2594419374
-1006232067
-255588450
1718471881
776988888
1332205644
-669903881
3874720902
1648479967
-4036069303
1625411471
-232388883
-3603010719
-3889531925
1195105378
-525594710
-4091905549
-995877458
-1685048776
-2185084641
-1661324925
-3915352912
2389031117
3351747612
1144249830
1425659267
-3619001381
-82312588
-3792801527
-4105012649
-786294929
1811794433
1739705383
-2950014997
4053239604
3252395794
3369311126
3921775391
2623648207
741730789
2220867024
-1056432260
3843657075
-448524962
-2576724789
2213133835
-3776286581
3679949396
-3077809222
-4265967837
3236142990
1294195054
-4208951952
-13238171
-2221784521
-2495198627
4114056548
1977992461
-3548091970
222820700
1722141869
816572330
-4271866032
2259795111
2381822212
-451932808
-1110040299
-1720175804
-2995627705
3427244508
2574365511
2539893838
-3942484609
20578147
-1664077416
3607598204
4079847017
3013322290
3183976732
-576188116
2035663701
4245127548
3947203165
-2695475115
-2933500051
1095753560
3432094135
-3338247299
2175123245
-1304287521
252311675
-3582170430
-723380849
427422531
3354631174
1109122802
2826939328
-1431950675
2711072564
655879284
4063725284
-4002908340
446558897
-918545568
-177076921
1410192889
-4046948196
478147008
-2751180290
3472726145
-3384122149
3684143668
2676600891
-968352548
1458820230
1464980567
1125768819
2522592466
-671476733
962978637
655617142
-4276322446
1058922609
840427252
3176767827
-600043038
-4051928894
-978576086
-19267437
-340653529
-3679162970
-2193211043
2070397516
-236321013
-2646061348
3267993243
-4275142807
1383716547
-2202779226
-2438707026
549449632
643558610
-1094180708
-3154747899
1317787834
4133323985
-1838008633
1882572773
-2530587797
3355155458
3641938806
2448144138
913695941
2636755307
-2157559731
906749178
3156582893
-217315718
2903484792
2384967916
-161217330
-2571481949
544993218
-4226122253
1185799337
3480721476
625077599
2652352756
3592918252
-3607860346
-3396442823
-3792801527
-316536465
-223869268
-2654580963
-2268445797
-1497355104
436597501
1771162423
-762308936
3123815143
3729625305
4192830219
-387576947
0
0
0
0
0
0
0
0
0
0
0
0
0
0
0
0
0
0
0
0
0
0
0
