0      867 205 149 175  86  50 176   0   0   0   0   0   0 
0      867 227  64 242  10 173 240   0   0   0   0   0   0 
0      867 201 156  63  99 128  16   0   0   0   0   0   0 
0      867  78 180 237 147 207 146   0   0   0   0   0   0 
0      867  68 241   2 163  95  89   0   0   0   0   0   0 
0      867  37 175  27 235 165 219   0   0   0   0   0   0 
0      867 145  89  16 137  45  84   0   0   0   0   0   0 
0      867  56 145 230 221 168 154   0   0   0   0   0   0 
0      867 125  14 125 237 231  61   0   0   0   0   0   0 
0      867 239 230  90 243 135 196   0   0   0   0   0   0 
0      459 101  15 188 211 194 210   0   0   0   0   0   0 
0      459  87  65 142  94   5 234   0   0   0   0   0   0 
0      459 105  19  95 249 128  67   0   0   0   0   0   0 
0      459 227 177 223 179 182 166   0   0   0   0   0   0 
0      459 168 180 213  28 103  85   0   0   0   0   0   0 
0      459 142  28 137  88  77  86   0   0   0   0   0   0 
0      459  38 254 244 149 151 255   0   0   0   0   0   0 
0      459  85 131 169 162 115 135   0   0   0   0   0   0 
0      459  33 107 130  26 251 154   0   0   0   0   0   0 
0      459 254 245  62 144   8 147   0   0   0   0   0   0 
0      742  32 252 219 111 214  79   0   0   0   0   0   0 
0      742 245  99  79 200 188 151   0   0   0   0   0   0 
0      742 208 243 167  78 111  31   0   0   0   0   0   0 
0      742 208 153 125  63  78  90   0   0   0   0   0   0 
0      742 135 201  69 238 249 144   0   0   0   0   0   0 
0      742 249 184 110 170  45 253   0   0   0   0   0   0 
0      742 109 218  35 254 106  73   0   0   0   0   0   0 
0      742  78  51  72 148  56  71   0   0   0   0   0   0 
0      742  10  78 218  94 206  77   0   0   0   0   0   0 
0      742  92 101 100 130  76 255   0   0   0   0   0   0 
0      469  81  27 105 199  96  79   0   0   0   0   0   0 
0      469 111  20  92  31 153  30   0   0   0   0   0   0 
0      469 134 227  93   5 202 242   0   0   0   0   0   0 
0      469 226  36 117  68 144 108   0   0   0   0   0   0 
0      469 180   6 109 184  98  85   0   0   0   0   0   0 
0      469  40 140 229 153  48 211   0   0   0   0   0   0 
0      469  84  50  45 240 148  33   0   0   0   0   0   0 
0      469 205  21 141 167 253 146   0   0   0   0   0   0 
0      469  42  97  81 253 125  36   0   0   0   0   0   0 
0      469 174  52 241 180 203 244   0   0   0   0   0   0 
0      347  78 190  13 156 198 159   0   0   0   0   0   0 
0      347  90   5  22 171 230 113   0   0   0   0   0   0 
0      347 235  69  34  27 148 172   0   0   0   0   0   0 
0      347  79  20  59  46  96 205   0   0   0   0   0   0 
0      347  62  23 116 143 117  27   0   0   0   0   0   0 
0      347  13   3 113 179 211 194   0   0   0   0   0   0 
0      347   4  66 145 194  47 142   0   0   0   0   0   0 
0      347 103  19 227 168 174  44   0   0   0   0   0   0 
0      347   4  47 203  77 215 142   0   0   0   0   0   0 
0      347 126  15   0 183   5  75   0   0   0   0   0   0 
0      907 180 201  64  58  92  46   0   0   0   0   0   0 
0      907   4 213  48 192  82  33   0   0   0   0   0   0 
0      907  37  99  50  25  30 111   0   0   0   0   0   0 
0      907  40 183 207 128 241 197   0   0   0   0   0   0 
0      907 190  22 117  80 124 162   0   0   0   0   0   0 
0      907  57  91 107   1  70  61   0   0   0   0   0   0 
0      907  48  68 243 121 169 159   0   0   0   0   0   0 
0      907 233   7 108 109 243 201   0   0   0   0   0   0 
0      907 231 161 170 246 216 192   0   0   0   0   0   0 
0      907  43   1 123 216 199 145   0   0   0   0   0   0 
0      882  76  96 130 114  26   2   0   0   0   0   0   0 
0      882  99 105  31  59  46 197   0   0   0   0   0   0 
0      882 133  18 152  90  15  67   0   0   0   0   0   0 
0      882  87   9  45 182 102 216   0   0   0   0   0   0 
0      882 177 170 243  79 239 162   0   0   0   0   0   0 
0      882   6  36  85 190 147  68   0   0   0   0   0   0 
0      882 248  68 199  31 227  19   0   0   0   0   0   0 
0      882 193  39   4   6 135 204   0   0   0   0   0   0 
0      882 102  79 134 196 223  96   0   0   0   0   0   0 
0      882 224  30 182 104 252 143   0   0   0   0   0   0 
0      996 173 169  75   1 193  13   0   0   0   0   0   0 
0      996 189 181 248  65  17 166   0   0   0   0   0   0 
0      996  13  87 197  72 121 135   0   0   0   0   0   0 
0      996  41  96 179 253 189  16   0   0   0   0   0   0 
0      996 225 174 253 231 133 164   0   0   0   0   0   0 
0      996 197 116  11  65 244  69   0   0   0   0   0   0 
0      996  14  50  99  72 246  72   0   0   0   0   0   0 
0      996  35 128 119 237 113 150   0   0   0   0   0   0 
0      996  30 173  59  17  79 143   0   0   0   0   0   0 
0      996 123 222  89 211  90 214   0   0   0   0   0   0 
0      697 223 206 191  52  39  41   0   0   0   0   0   0 
0      697  47 110  75 111  28  44   0   0   0   0   0   0 
0      697 150 227  90 230 118 246   0   0   0   0   0   0 
0      697 146 188 150 186  98 230   0   0   0   0   0   0 
0      697 100 147  83  10 142 111   0   0   0   0   0   0 
0      697 101 184  64  13  25 161   0   0   0   0   0   0 
0      697 194 196 199 202 158  62   0   0   0   0   0   0 
0      697 208 148  31 202 203 224   0   0   0   0   0   0 
0      697  68 206  87  55 131 180   0   0   0   0   0   0 
0      697  27 114 149  80 170 151   0   0   0   0   0   0 
0      858 163  26  16  89 169  58   0   0   0   0   0   0 
0      858 179 196 186 240  90  49   0   0   0   0   0   0 
0      858  88 143  29 213  66 112   0   0   0   0   0   0 
0      858 109  87  93 136 245 241   0   0   0   0   0   0 
0      858  55  31  65 235  46 130   0   0   0   0   0   0 
0      858 186  37 140 109 125 188   0   0   0   0   0   0 
0      858 121 182 206  22 230  86   0   0   0   0   0   0 
0      858 250 102  96  80 172  26   0   0   0   0   0   0 
0      858 138  35 175 121 153 124   0   0   0   0   0   0 
0      858  31 113 227 126 179 113   0   0   0   0   0   0 
0      760 121 232  83  64 171  88   0   0   0   0   0   0 
0      760 226 157  23  67 165  60   0   0   0   0   0   0 
0      760  13  92 223 204 161  84   0   0   0   0   0   0 
0      760 220  53  98  45 170 149   0   0   0   0   0   0 
0      760 101 229  39  13  31 213   0   0   0   0   0   0 
0      760 231  90 176  28  69  86   0   0   0   0   0   0 
0      760 115  26 132 127 139 193   0   0   0   0   0   0 
0      760 173 151 128 243 114 128   0   0   0   0   0   0 
0      760  15 188 101 194 152  45   0   0   0   0   0   0 
0      760  35   2 211 116  73 221   0   0   0   0   0   0 
0      670  20  23 193 236 120  36   0   0   0   0   0   0 
0      670 211  22   5 230 210  82   0   0   0   0   0   0 
0      670 237  35  36 223 169 118   0   0   0   0   0   0 
0      670 215 119 137 252  10  23   0   0   0   0   0   0 
0      670  33 231 235 142 136 116   0   0   0   0   0   0 
0      670 111 200  59  63  74  85   0   0   0   0   0   0 
0      670 124 204 173 178  60  37   0   0   0   0   0   0 
0      670 135  98 192 174  29 250   0   0   0   0   0   0 
0      670  38  82 223 202 179 119   0   0   0   0   0   0 
0      670 244 218  99 174  25 208   0   0   0   0   0   0 
0      219  38  61 148  82 236 254   0   0   0   0   0   0 
0      219 154 139 124 255  70 207   0   0   0   0   0   0 
0      219  69  52  32 209 128 141   0   0   0   0   0   0 
0      219 127 223 161 161 254  66   0   0   0   0   0   0 
0      219 251 171   8  54  30  80   0   0   0   0   0   0 
0      219 142 101 128 113  88  33   0   0   0   0   0   0 
0      219 220 138  21 104   7  62   0   0   0   0   0   0 
0      219  56  17  54  76 121 124   0   0   0   0   0   0 
0      219 194 210 120 128  86 158   0   0   0   0   0   0 
0      219  75 208   1  40 169 238   0   0   0   0   0   0 
0      636 177 251 235 131 157  26   0   0   0   0   0   0 
0      636  23  59  21 252   6 157   0   0   0   0   0   0 
0      636 191 120 114 205 202 196   0   0   0   0   0   0 
0      636  79  79 184 175 227  74   0   0   0   0   0   0 
0      636  16 228 160  15  55  89   0   0   0   0   0   0 
0      636  77 139  89  93 220 235   0   0   0   0   0   0 
0      636 122 253  95 216  78 229   0   0   0   0   0   0 
0      636  85  66 166 247 136 125   0   0   0   0   0   0 
0      636 133 105 138  73 103  26   0   0   0   0   0   0 
0      636  34 148  31 241 158 203   0   0   0   0   0   0 
0      603  82 184  16  60 137 137   0   0   0   0   0   0 
0      603 212 176 175 229  44 118   0   0   0   0   0   0 
0      603  24 101 171 211  63 255   0   0   0   0   0   0 
0      603 161 146 113  21  37 224   0   0   0   0   0   0 
0      603 206 172  49 100 209 132   0   0   0   0   0   0 
0      603  57  10  82 155 129 158   0   0   0   0   0   0 
0      603 230 134 132 101  97 205   0   0   0   0   0   0 
0      603 184  93 163 192 120 248   0   0   0   0   0   0 
0      603   5  50 132  63 109 187   0   0   0   0   0   0 
0      603 177 194  50 215 226 166   0   0   0   0   0   0 
0      821 184  38 102  86  87 137   0   0   0   0   0   0 
0      821 140 116 106  82 115 221   0   0   0   0   0   0 
0      821 232 180 207  69 215  30   0   0   0   0   0   0 
0      821 175  23 197 132  60  97   0   0   0   0   0   0 
0      821 157 143 186 236 208 226   0   0   0   0   0   0 
0      821  13  21  11 149 102  74   0   0   0   0   0   0 
0      821  77 245 126  22 239 152   0   0   0   0   0   0 
0      821 215   1  57  58  32  72   0   0   0   0   0   0 
0      821 199 139  14  57 217  97   0   0   0   0   0   0 
0      821  79 219  54   6  22 153   0   0   0   0   0   0 
0      683  86 173  12  59 213 224   0   0   0   0   0   0 
0      683  40 190  94 174 190  72   0   0   0   0   0   0 
0      683  32 247 136 174 216 140   0   0   0   0   0   0 
0      683 132 104  62 107  84  50   0   0   0   0   0   0 
0      683  38 208 223  41  56  27   0   0   0   0   0   0 
0      683 190 110  21 198  80 191   0   0   0   0   0   0 
0      683  68  72  12 248 112 199   0   0   0   0   0   0 
0      683 192 236 232 164 229 102   0   0   0   0   0   0 
0      683 255  54   5 144 239 127   0   0   0   0   0   0 
0      683 144 120  51 218 106 142   0   0   0   0   0   0 
0      238  96  48  65 229   8 244   0   0   0   0   0   0 
0      238  21  88  22  64  71 113   0   0   0   0   0   0 
0      238 130  71 137  31 243   4   0   0   0   0   0   0 
0      238 122 255 119  22 174 120   0   0   0   0   0   0 
0      238 159 115 232  32  52 247   0   0   0   0   0   0 
0      238 154  48  68 130   1 250   0   0   0   0   0   0 
0      238 106  24  89 254 242 224   0   0   0   0   0   0 
0      238 161 154 198  37 187 220   0   0   0   0   0   0 
0      238 223 241  27  78 204 127   0   0   0   0   0   0 
0      238 186  68 196 103  76 237   0   0   0   0   0   0 
0      485 240 157 108  75 191 141   0   0   0   0   0   0 
0      485 174  65 255 152  56  90   0   0   0   0   0   0 
0      485  82 198 172 180 234 215   0   0   0   0   0   0 
0      485  75 215 208 138   6 128   0   0   0   0   0   0 
0      485 244 216 113  50  20   6   0   0   0   0   0   0 
0      485 174 235  36 106  74  63   0   0   0   0   0   0 
0      485  44  19  39 139 112 105   0   0   0   0   0   0 
0      485  48 201   2 167 247  40   0   0   0   0   0   0 
0      485 207 235 184  27 223 156   0   0   0   0   0   0 
0      485  19 234 154 139 158  90   0   0   0   0   0   0 
0      741 250 247 155 155  82 162   0   0   0   0   0   0 
0      741 100 166  12  41 238 123   0   0   0   0   0   0 
0      741 181 230  19  45 164 101   0   0   0   0   0   0 
0      741 238  32   5 103 135  25   0   0   0   0   0   0 
0      741  46 244 235 112  54 178   0   0   0   0   0   0 
0      741 101 153 244 121 171   2   0   0   0   0   0   0 
0      741 137 138  23 148 169  88   0   0   0   0   0   0 
0      741 243 243  86  88  30 194   0   0   0   0   0   0 
0      741   5 125   6 218  31 148   0   0   0   0   0   0 
0      741 170  14 166  33  61 209   0   0   0   0   0   0 
0      993 113 186 172  30  55  94   0   0   0   0   0   0 
0      993   5  38  97 158 120 184   0   0   0   0   0   0 
0      993 216 117 181 155  94 254   0   0   0   0   0   0 
0      993  16 253 201 176 241 253   0   0   0   0   0   0 
0      993  37  42 174 143 219 239   0   0   0   0   0   0 
0      993  88 246 146  25 148 128   0   0   0   0   0   0 
0      993 123  72 144 175 173 132   0   0   0   0   0   0 
0      993 179 239 170 159 159 203   0   0   0   0   0   0 
0      993 228 239 168  11  33 252   0   0   0   0   0   0 
0      993 135  99 198 127  18 182   0   0   0   0   0   0 
0      700 170 157  20  68 254 214   0   0   0   0   0   0 
0      700  60  45 102 108 238  57   0   0   0   0   0   0 
0      700 243  48 249  92 205 245   0   0   0   0   0   0 
0      700  64  46 105 125  34 245   0   0   0   0   0   0 
0      700 121 137  10 118 152  53   0   0   0   0   0   0 
0      700 248 169  38  33  45 191   0   0   0   0   0   0 
0      700  35  12  65 240  41  36   0   0   0   0   0   0 
0      700 195  40 217  85 139  69   0   0   0   0   0   0 
0      700 161 199 112  27 237 153   0   0   0   0   0   0 
0      700  80 217  20 194 121   8   0   0   0   0   0   0 
0      857 177  83 192 162  24 194   0   0   0   0   0   0 
0      857 222 249 158 173 153  40   0   0   0   0   0   0 
0      857   3  38 162 246  86  78   0   0   0   0   0   0 
0      857 239 252 246  37  19 175   0   0   0   0   0   0 
0      857 110 107   1 187 153  63   0   0   0   0   0   0 
0      857 116  85 184   0  99  82   0   0   0   0   0   0 
0      857 193  54 255 168  82  30   0   0   0   0   0   0 
0      857 206  57 133 179 208 149   0   0   0   0   0   0 
0      857  82 127 213 237 215 235   0   0   0   0   0   0 
0      857  11 210  33 149  92   2   0   0   0   0   0   0 
0      287 214 202 253   7 193 202   0   0   0   0   0   0 
0      287  78  93 109 233 195  43   0   0   0   0   0   0 
0      287 216  15   1  17  20 224   0   0   0   0   0   0 
0      287  76  29  38 194 104  82   0   0   0   0   0   0 
0      287  19 181 229  64 230 128   0   0   0   0   0   0 
0      287 229 176 247 104 236  92   0   0   0   0   0   0 
0      287  13 162  50   6 148  75   0   0   0   0   0   0 
0      287 162 208 202 106  71  26   0   0   0   0   0   0 
0      287 133  10 173  69  93 213   0   0   0   0   0   0 
0      287 243  99 249  25 236 228   0   0   0   0   0   0 
0      723 209 223  90 170 195  99   0   0   0   0   0   0 
0      723 156 255 221 230  38  60   0   0   0   0   0   0 
0      723  53 118  25 119  73  19   0   0   0   0   0   0 
0      723  12  83 179  85 185 179   0   0   0   0   0   0 
0      723  65  55 216 188 253 219   0   0   0   0   0   0 
0      723  35  52 217   6 182 210   0   0   0   0   0   0 
0      723   4 107  62 232  84   3   0   0   0   0   0   0 
0      723  67 161 153 108  42 158   0   0   0   0   0   0 
0      723 141  82 230 173 201 243   0   0   0   0   0   0 
0      723 205   2 103 143 190  63   0   0   0   0   0   0 
1     1914 214 240  77  92  78 251 176 246   0   0   0   0 
1     1914  41 197 125 255 104  71 160 175   0   0   0   0 
1     1914 127 188 214 165 114 254  99  58   0   0   0   0 
1     1914 184 164 134  48  65 146 183 219   0   0   0   0 
1     1914  41 214 172 117  13 154 181 151   0   0   0   0 
1     1914  39  48 199  57 117  57  25 100   0   0   0   0 
1     1914 213 103 238  51 196 131 217 202   0   0   0   0 
1     1914  99 229 101 222  27 241  62 244   0   0   0   0 
1     1914  27  17 183 140 251  16 144 187   0   0   0   0 
1     1914  11 111  27 148  14 129  53 180   0   0   0   0 
1      989  70 183 140  51 170  29 253 211   0   0   0   0 
1      989  56 176 116 238   2 237  72 235   0   0   0   0 
1      989  26  17 186 241 118  39 210 163   0   0   0   0 
1      989  19 102 228 138 127  58 106 118   0   0   0   0 
1      989  42 154 120 198  71 168  98 209   0   0   0   0 
1      989  31   5 118  63 217  16 227 250   0   0   0   0 
1      989 170   9 116  31 231   4 245 219   0   0   0   0 
1      989 233 217  17  62 114  32  90 246   0   0   0   0 
1      989 133 171 237 114 104  28  45 194   0   0   0   0 
1      989  35 203 236 112 192 123 137  72   0   0   0   0 
1     3050  47  95 237 192  23 165   3 158   0   0   0   0 
1     3050  67 126  42 214 196 204 177  80   0   0   0   0 
1     3050  36 230 154 177   8 202 162 115   0   0   0   0 
1     3050 152  66  84 226 117 251 209  33   0   0   0   0 
1     3050 160 161   9 117  74  98  97  54   0   0   0   0 
1     3050 107 158  57 244 154  40 251 130   0   0   0   0 
1     3050  38 193 252  17  50 108 215  52   0   0   0   0 
1     3050  81  98  85 170 206  73 177  28   0   0   0   0 
1     3050  20  94 213  98 130 194 135  10   0   0   0   0 
1     3050 100  25  13 113 252  87  62 203   0   0   0   0 
1     1011  25 209 118 137  93 174  25 143   0   0   0   0 
1     1011 239 125 166 228 202   2 199  78   0   0   0   0 
1     1011 162  15   9 199 178   0  87  73   0   0   0   0 
1     1011 124  62 176  93 165 149 165  73   0   0   0   0 
1     1011   1  26  29 133 106 176 167   2   0   0   0   0 
1     1011 182 246 181 227 255 109 107 119   0   0   0   0 
1     1011  86  45 159  76 175  66 147  69   0   0   0   0 
1     1011  11  56  86 118  81  94 195  77   0   0   0   0 
1     1011 106 246  70 193 102  92 196  98   0   0   0   0 
1     1011 106 138 189 250  36  55 242 130   0   0   0   0 
1      894 240 212  60 140 158 246 204 248   0   0   0   0 
1      894  74 146 129  10  56  74  27 155   0   0   0   0 
1      894  90 143  54 246 144 163 132 109   0   0   0   0 
1      894  81 171  31   3 136 110 209  93   0   0   0   0 
1      894  86  98 191 184 251 111 209  98   0   0   0   0 
1      894  29  19 215  82 119 182 222 143   0   0   0   0 
1      894   5   1  17  11 128  62 172 171   0   0   0   0 
1      894 236 241   2 237  70  24 161 234   0   0   0   0 
1      894 146   0  76 225 112  58 109 225   0   0   0   0 
1      894 144 167  10  42  37 182 114 118   0   0   0   0 
1     3691 122 124  90  82 200  80 234   6   0   0   0   0 
1     3691 153 193  60  83 237 144  63 107   0   0   0   0 
1     3691  62  26 229 113 178 233 228 159   0   0   0   0 
1     3691 158  10 152  60 122 161  93 240   0   0   0   0 
1     3691  88 231 134 152 164  36 101  96   0   0   0   0 
1     3691  72 217  81 135  91 212  62 144   0   0   0   0 
1     3691  16 197 220 235  94 178  82  15   0   0   0   0 
1     3691  94  53  57  61  37 243 172 228   0   0   0   0 
1     3691 160 197  13  95 109  20 116  53   0   0   0   0 
1     3691 181 136  36 132 100   2  47  80   0   0   0   0 
1     3817  27  83 101 251  63 245 254  96   0   0   0   0 
1     3817   1 144  43 241 111  94 250  75   0   0   0   0 
1     3817  13  12  78 113 107  27 189 178   0   0   0   0 
1     3817 116 160 143 180  58  17 211 111   0   0   0   0 
1     3817  18  64 141  81  77  35  11 179   0   0   0   0 
1     3817 168  26  62 180 206 223 139 194   0   0   0   0 
1     3817 186 255 219  60 254 123  19 236   0   0   0   0 
1     3817  98 105 131  67 211 123  35 168   0   0   0   0 
1     3817 115  91  61 143  25  60 117 102   0   0   0   0 
1     3817 144 157  42  47 238  86 209 117   0   0   0   0 
1     3318 222 158 215 187 147   3  52  19   0   0   0   0 
1     3318 245 198 189 253  49  47 184 247   0   0   0   0 
1     3318   7  82 146 104 170 109 123 192   0   0   0   0 
1     3318 124 190  76 186 191 246 150  99   0   0   0   0 
1     3318 212 156 211  72  23 150 221 184   0   0   0   0 
1     3318  63 100 249 237 203  51 171 218   0   0   0   0 
1     3318  58 174 129 122  26 213  88  33   0   0   0   0 
1     3318  19  53  43  76 225 201  62 188   0   0   0   0 
1     3318  18 121 126 211  12  77  83  59   0   0   0   0 
1     3318 211 235  80 201 164 166  69 159   0   0   0   0 
1     2430 230 209  60  37 204 231 139  45   0   0   0   0 
1     2430 222 145  55  63   9  93 226 217   0   0   0   0 
1     2430  20  42 219 230 228  69 133  30   0   0   0   0 
1     2430 192  55 123 238 155  90 139 192   0   0   0   0 
1     2430  57 119 179  23   8 132 202 126   0   0   0   0 
1     2430 194 216  22  82  42 216 203 102   0   0   0   0 
1     2430 129  75 160 162 196 163 173 106   0   0   0   0 
1     2430 246 169  60  54 250 187  69  94   0   0   0   0 
1     2430  57 245  65 254 215 149  80  61   0   0   0   0 
1     2430  63  19 161 167  72 101 219 100   0   0   0   0 
1     1965  22  91 102  35  31  99  91  76   0   0   0   0 
1     1965 109  82  65 134  26  54   0 145   0   0   0   0 
1     1965 190  65  18  18 205  26  33  59   0   0   0   0 
1     1965 123 170  13 159  36 206 180 202   0   0   0   0 
1     1965 158  28 192 176  51 134 224 228   0   0   0   0 
1     1965 138 157  48  80 156  73  66 172   0   0   0   0 
1     1965  66 240 185 230 124  16 209 133   0   0   0   0 
1     1965 148  11  32 121 187  91 215 211   0   0   0   0 
1     1965 159 221  15 192 191 225 108 199   0   0   0   0 
1     1965 181 248 152 206  55 124 252  47   0   0   0   0 
1     3259  90 152  58   4 171  20 183 207   0   0   0   0 
1     3259 244 210 245 176  60 243 218 169   0   0   0   0 
1     3259 248 197 133 147 188 166 174 242   0   0   0   0 
1     3259 101  96 102  52 205  97  78  87   0   0   0   0 
1     3259  67   5  59 169   9 136 123 222   0   0   0   0 
1     3259 156 139  24 203  75  47  54 121   0   0   0   0 
1     3259  47 200 196 108 205 124  67   3   0   0   0   0 
1     3259  93 107 169 247 192 250  91 116   0   0   0   0 
1     3259 141 193 217 156 127  48 153 245   0   0   0   0 
1     3259 223  23   1  19  32 196 162  44   0   0   0   0 
1     1726 204 144 230 215 213 165 228  76   0   0   0   0 
1     1726 229 178  51 161   4   4 102 122   0   0   0   0 
1     1726  41 182  95 145 244  16  73  52   0   0   0   0 
1     1726  18   4 137 230 211  24 202 158   0   0   0   0 
1     1726  98 164 144  49 158 223 157  19   0   0   0   0 
1     1726 192 138 138  20  88  70 187 242   0   0   0   0 
1     1726 157 140  25 176  79 199   1 206   0   0   0   0 
1     1726 102 206  43 190  73  67 177 245   0   0   0   0 
1     1726 230 217 131  27 152   2  16 206   0   0   0   0 
1     1726  67 119  56 229  51  55  17 221   0   0   0   0 
1     3979 168  70 252  29  69 111 110  72   0   0   0   0 
1     3979 177 160 163  70 145  59 158 198   0   0   0   0 
1     3979 237 181 105 125  74 106 175 255   0   0   0   0 
1     3979 173  82 134 191 119  78 248 251   0   0   0   0 
1     3979 245 113 128 190 250 225 214 127   0   0   0   0 
1     3979   1 144 112 140 172 162   2   2   0   0   0   0 
1     3979  69   3  63  70  72 106 184 170   0   0   0   0 
1     3979 232 219  55  95 169 247  62 107   0   0   0   0 
1     3979 171  49 157 234 234  84  82  62   0   0   0   0 
1     3979  69  21   8  30  11 195  62 197   0   0   0   0 
1     2526 108  94 197 204  98  60 200  19   0   0   0   0 
1     2526 130 239  89 244 129  59 115 195   0   0   0   0 
1     2526 202  19 237 203  17 165  30 178   0   0   0   0 
1     2526  44 112  52 209 118 235 207 222   0   0   0   0 
1     2526 140  54 142  30 195 109 181  12   0   0   0   0 
1     2526  70   0 209 205   8 165 204 233   0   0   0   0 
1     2526   1 253 239 192 131   8 126 229   0   0   0   0 
1     2526  60 123  66   3 101 107 110 174   0   0   0   0 
1     2526 203 181  19 222   8  99 134 164   0   0   0   0 
1     2526 133 155 181 100 253 229 117 154   0   0   0   0 
1     3191  29 228 162 110 110 227 210  33   0   0   0   0 
1     3191 127  80  87  38   9 227 210  45   0   0   0   0 
1     3191  47 170  79 186  14 188 206  96   0   0   0   0 
1     3191 231 235  81  35  24 138 212 107   0   0   0   0 
1     3191  86  90 128   4 189 184  73  98   0   0   0   0 
1     3191 242  29  34 238  40  30 217 186   0   0   0   0 
1     3191 212 244 213 156  51 150  68 191   0   0   0   0 
1     3191 103 240 189  36 221  82  83 191   0   0   0   0 
1     3191 225 129 120  75 167 232  34 160   0   0   0   0 
1     3191 183 177 153  96 157  18 201  48   0   0   0   0 
1     2623  80 225  51  65 212 112  66 132   0   0   0   0 
1     2623 139 171  87 251 104 244 119  84   0   0   0   0 
1     2623 127  28 143 163 167 204 151 235   0   0   0   0 
1     2623 145  27 207  81 192 238  28 173   0   0   0   0 
1     2623 215 174 129  75  76 237  47 108   0   0   0   0 
1     2623 166  39  49 240  64  56 123 185   0   0   0   0 
1     2623 195  38  23  45  53 135 160 252   0   0   0   0 
1     2623  10 201 183 189 106 132 118 209   0   0   0   0 
1     2623 143  74  66 153 176 122 195  72   0   0   0   0 
1     2623 120 255  88  58  18   7  58 110   0   0   0   0 
1     3990 227  40 157 221   4 207 190 130   0   0   0   0 
1     3990 182  64 175 166 179 194  90 225   0   0   0   0 
1     3990  27 231  19 161 202 143 192  20   0   0   0   0 
1     3990  94 235  66   1 250 232 114 135   0   0   0   0 
1     3990  24 133 252 195 140 209  47 131   0   0   0   0 
1     3990 232  79 218 106 132   3 168  89   0   0   0   0 
1     3990   2  10  66  45 244 222  75 166   0   0   0   0 
1     3990 243 173 145  19 107  17  84  57   0   0   0   0 
1     3990 195  47 208 202  15 104  75 175   0   0   0   0 
1     3990 215 159  22 205  56  79  93 219   0   0   0   0 
1     3994 245  30 224  11  79 221 194   4   0   0   0   0 
1     3994 253 238  13   9 227 210 111 129   0   0   0   0 
1     3994 130 146 184 149  12  37 151   8   0   0   0   0 
1     3994 191 128 189 173 143  10 176  36   0   0   0   0 
1     3994 162 156 204  87 122  59 110  52   0   0   0   0 
1     3994  85  59  39 115 201 199 175 208   0   0   0   0 
1     3994   2  24 118 227 225 141  40 211   0   0   0   0 
1     3994 249  45 100 211 114  44 227  51   0   0   0   0 
1     3994  26 140 224 201 172  44 153  94   0   0   0   0 
1     3994  23  16  89  36 189  13  50   5   0   0   0   0 
1     3956 128 214 172   4 132   7  11   3   0   0   0   0 
1     3956  41 115 215 233 201  78 226  93   0   0   0   0 
1     3956 146 226 196  45 225 131 152 166   0   0   0   0 
1     3956 126   8  23   0 228 135 184  41   0   0   0   0 
1     3956 239  46 109  57 208 193 189 152   0   0   0   0 
1     3956  36 240   3 113 218 157  31 114   0   0   0   0 
1     3956  37 150 167  42 228 220 213  67   0   0   0   0 
1     3956 136 120 192 237 156 201  50 232   0   0   0   0 
1     3956 191 216  58 192  67 147 248  93   0   0   0   0 
1     3956  64  69  42 251 196 116 215   9   0   0   0   0 
1     4038 121  17 199 148  47 227 150 146   0   0   0   0 
1     4038 253  38 148 120 204 105 215 226   0   0   0   0 
1     4038  39  19  10 251 118  74 209 114   0   0   0   0 
1     4038 102  15 131 207 248 227 226  15   0   0   0   0 
1     4038  45  77  22 163  92 237 171 190   0   0   0   0 
1     4038   2 183   9  82 129 245 245 179   0   0   0   0 
1     4038 220 164  19 158  55 174 161 255   0   0   0   0 
1     4038 174 249 179  98  96  33  30 100   0   0   0   0 
1     4038  22   9 229 190  14 199  61  29   0   0   0   0 
1     4038 246  63 153  77  60  95 235  39   0   0   0   0 
1     1751  82  40 152 209  44 169 112 202   0   0   0   0 
1     1751  79 184  35  92  88  11  61  38   0   0   0   0 
1     1751  81  60  98 122  86 103 119 113   0   0   0   0 
1     1751  98  86 149 136 236 194 233 152   0   0   0   0 
1     1751 226 118 149 189  34 225  52  22   0   0   0   0 
1     1751  60 211 110 227 192 211 154  38   0   0   0   0 
1     1751 130  81 207  73 113 185 193 182   0   0   0   0 
1     1751  99 202 164  21 237  37 223   4   0   0   0   0 
1     1751 158  93 209 252  50  21 103  49   0   0   0   0 
1     1751  32 252 246 196  14 205 109 253   0   0   0   0 
1     3699 121 112  39   6  60 117  28 220   0   0   0   0 
1     3699  14 226  78  26  55 246 209 159   0   0   0   0 
1     3699 163 156 129 140 189 183  58  82   0   0   0   0 
1     3699   1  41  90  70  49 234 191  81   0   0   0   0 
1     3699  73  22 133  87 149  54 107 138   0   0   0   0 
1     3699 212 220  94 120  84  83  61 232   0   0   0   0 
1     3699  76  63 187 119  25 158 179  79   0   0   0   0 
1     3699 115 172 224   8 190 138  99 120   0   0   0   0 
1     3699 224  61 205  24 162 190  36 166   0   0   0   0 
1     3699  75  66 189  47 217 241 197  17   0   0   0   0 
1     2719  17 239 141 136  83  54 207 100   0   0   0   0 
1     2719  38  25  46 214  86 132 181 210   0   0   0   0 
1     2719 109  58  96 254  73 187  99  28   0   0   0   0 
1     2719  80  16 221 168  37 230   1 242   0   0   0   0 
1     2719 250 138  67 115   1 228 153 117   0   0   0   0 
1     2719  66 184  13 198 186  97 245 111   0   0   0   0 
1     2719  94 186 218 170 165  59  41  56   0   0   0   0 
1     2719 148 197  53 190 120 252  40 106   0   0   0   0 
1     2719 132 184  66 246 237  52  17  81   0   0   0   0 
1     2719 139 120  72 232  88 113 238 226   0   0   0   0 
1     3043 176  16 196 141   4  11  87 140   0   0   0   0 
1     3043  87 158 158 153  85  40  38 123   0   0   0   0 
1     3043 208 100  88  78  75 216 163  39   0   0   0   0 
1     3043  63 210 230 250 138 251 111   7   0   0   0   0 
1     3043  10 236  18 154 125 112 244   8   0   0   0   0 
1     3043 226  53 151 153 126  42 119 221   0   0   0   0 
1     3043 170  98 246  22  52 163 203 142   0   0   0   0 
1     3043  47 211 224 105  16  70   4  36   0   0   0   0 
1     3043 216  60  46  16 144 139 138 168   0   0   0   0 
1     3043 224  78 164 138 254 233 131  80   0   0   0   0 
1     2989 107 254  50 178 153 152 134 191   0   0   0   0 
1     2989   4 133 187 221   1 150 235 119   0   0   0   0 
1     2989  48 229 215  53 110 171 116 226   0   0   0   0 
1     2989 152 247  83  38 156 214 123 192   0   0   0   0 
1     2989  87 187  93  31  82 126 131 198   0   0   0   0 
1     2989   4 166 110  15 193 102  32  67   0   0   0   0 
1     2989  58  45  74 102 253  17 119  64   0   0   0   0 
1     2989  74 213 170  62 244 162 221  33   0   0   0   0 
1     2989 204 128  13  71 236 135 108 151   0   0   0   0 
1     2989  66 161  85 109 172  96 128 128   0   0   0   0 
2    15324  73 211 220 167 246  91 208  86  85 249   0   0 
2    15324   2  29 135  60 201 142 253 198   6 173   0   0 
2    15324 203 251  73 225 203   2   9   2  49  27   0   0 
2    15324  59  95 169 125  22   0  56  51 232 128   0   0 
2    15324 143   8 160 139 216 204 224  10 245 142   0   0 
2    15324 233 197  85 215  51 196 137  36 157  35   0   0 
2    15324  47  11 116 136   6 160 166 224  41  66   0   0 
2    15324  17  36 224 154 129  83 164 247  92 140   0   0 
2    15324 228  99  33 207  61 121  32 203  43 141   0   0 
2    15324  54 201   2 210 180 195 196  31  25 198   0   0 
2    10215 210 154  21 138  96 203  88 132 164 181   0   0 
2    10215  78 255 139 111  44  11  47 101 169 212   0   0 
2    10215  39 172  46 119 107 233  77 120 127 162   0   0 
2    10215 216  46  97  24 133 133 137 127 183 112   0   0 
2    10215 141  49 105 170 154   8 251  62  49  53   0   0 
2    10215  67 201   9  16  68  67  52  82  46  63   0   0 
2    10215   6  54 247  57 166 241 224  32  73 212   0   0 
2    10215  17  10  89 102 179 131 130  23 202 143   0   0 
2    10215 154   2 228  60  16  39  98  46   5   1   0   0 
2    10215   9  42  20 217  60  64 215  62 132  37   0   0 
2    15989  53  77 229  47 214 106 106 217  46 144   0   0 
2    15989 120 193  70  93 198  74 205  49 246 240   0   0 
2    15989 140 180 100 144  74 132 147 192 108   4   0   0 
2    15989   6  56 206  16  49 164 190 216 197 178   0   0 
2    15989   6  83 176  57  82  76  39  23  26  74   0   0 
2    15989 152 137 130 132 176 181 138 119  62 250   0   0 
2    15989 160 109 114 158 221 160  82  96 107  91   0   0 
2    15989  21 102 231 205  33 242 153  34 136 180   0   0 
2    15989  34 154 220 137 153 120  81 166 243  42   0   0 
2    15989 185  88 106 121  14  84 216  89  11 178   0   0 
2     6110  84 230 202   6 147  23 185 116 112 109   0   0 
2     6110  45 209 203  82 193 163 101 236 188 240   0   0 
2     6110 173 121  28 248 170  10 162 181  10 145   0   0 
2     6110 192  90 145 128 167 194 202   4 152 185   0   0 
2     6110 160 212  41 251 161 185  62 177  69 185   0   0 
2     6110   3 249 233 122  77 195  85  62 139  44   0   0 
2     6110  15 151  69  36 235 236  83 238 132 155   0   0 
2     6110 150  56 251 250 194  10 147 179  18 125   0   0 
2     6110 125  61  97  55 250  35  27 153  88 203   0   0 
2     6110 232 176   4  47 228  73 204 224  73  23   0   0 
2    15767  48 102 178  34 165  37 227  71 208  90   0   0 
2    15767 123 201 245 129 200  57  48 223 197 192   0   0 
2    15767 150 132 217  65  35   7  87  64 194  86   0   0 
2    15767 146 135  49  53   9 160 198 159  47 199   0   0 
2    15767 247   3 231  63  61  57 195 223 186 169   0   0 
2    15767 248  33  41 169  69  55 169 113  18 159   0   0 
2    15767  36  78 126 139 166  18  15 125 148 247   0   0 
2    15767  18  27 251  83  67 219 163 190  33  40   0   0 
2    15767   0 219   2   3  73 133  69  12  54 182   0   0 
2    15767 232  12  90  48  89 159  97   7  77  74   0   0 
2    13503 112  79 230 221  19 105  23 141  56 195   0   0 
2    13503  76   1 255 149  70 145  67  98  39 207   0   0 
2    13503 248 222  13  59 251 113 147 192 182 135   0   0 
2    13503 116   2 251 230 115   0 111 241   2 175   0   0 
2    13503  31 103   2  47 196  35  91 185 139  23   0   0 
2    13503 251 181 254  34   4 189  90  97  66 191   0   0 
2    13503 209  53  33 214 174  62  15  97  98 189   0   0 
2    13503 182 245 200  63   1 139 159 134   5   5   0   0 
2    13503 239 142  88 111 189  60  40 197 252 135   0   0 
2    13503  12 178   4 207 148 226 139 175 106  67   0   0 
2    12025  55 111 232 115 109 127 166 199 130  37   0   0 
2    12025 121 188 121 202 133 254 137  61   8  78   0   0 
2    12025 198 219 223 238 154  51  27 188 112 233   0   0 
2    12025  23 202  80 212 222 166 156 212 110 150   0   0 
2    12025  15  66 105 240  91  16  47   7 161  49   0   0 
2    12025 233 233 237  96 154 154  97 157  87 109   0   0 
2    12025  72 212  17  97 103 122 209  42 241 205   0   0 
2    12025 239 249  47 155 117  50  81  94  31  45   0   0 
2    12025 154 240 233 247 147 109   6 164 215  85   0   0 
2    12025 152  79 212   8 220 231 131  77  31 204   0   0 
2    11245  69  76 219  35  75 222 137  50  13 171   0   0 
2    11245 215 226 138  21  26 215 227 124 126 169   0   0 
2    11245 123  15  49 239 148  14  64 193 104   4   0   0 
2    11245  62  90 235 243 154  62  47  40   0 121   0   0 
2    11245 190  57 177 164 209 229 226  82  49 226   0   0 
2    11245  51 218 210 246 205  20 179 204 171  90   0   0 
2    11245  80  29  21  39 224 100 174 167 220 159   0   0 
2    11245  71 223  74 208  12  24  80 231  27 172   0   0 
2    11245 147  20 140  36 231 100  28  77 153 199   0   0 
2    11245 238 190 109  68 253  80  64 113  97  15   0   0 
2    11195 227  19 235  70 159 129  84   3   7 187   0   0 
2    11195 157 251 130 126  53 188  64 167 156 232   0   0 
2    11195 152 137 253  20  22 244 140 155 230 224   0   0 
2    11195   3 140 205 130 194 233  83 140 234 129   0   0 
2    11195 217 185 241 172 125 222  87  89 150 141   0   0 
2    11195  57  17  76 235  56  58 121  69 205 204   0   0 
2    11195  90  93  71  15  94 107  51 200 134 158   0   0 
2    11195  34  87 224 140  14 168  29  71  92  47   0   0 
2    11195 135 187  58 236  94 166 209 107 146   0   0   0 
2    11195 206  52 223 150 192   7 164 177 179 220   0   0 
2    14827  59  74 215  48 195  55  11 137 191  91   0   0 
2    14827 111 179  85   2  13  91 196  33 170  33   0   0 
2    14827 149 180 147  37 198 176  30  20 213   8   0   0 
2    14827  85 173  34 203 150 144  46  94  42 241   0   0 
2    14827 246 140  49 237  26  47  62 192  98 144   0   0 
2    14827  62 105 120  53  19 240 133  14  70 169   0   0 
2    14827 106  67 103  69 202   8 174 178 255  48   0   0 
2    14827 253 203 136  25 151 234  95 134  71 141   0   0 
2    14827  57  13  51 187  58 176 195  72  88   3   0   0 
2    14827  62  57 187 198  41  88   7  57 229  95   0   0 
2    15221 122 224 209  50 116  58  28 185  80 101   0   0 
2    15221 149 190 135  91  87 172  83   5  61  72   0   0 
2    15221 220 235  81 130 220 150 217 192 178 222   0   0 
2    15221  38  53 206   5 247 150  75 106  67  75   0   0 
2    15221  32  46  31 188 207 230  23 155 120 241   0   0 
2    15221  23 198 210  75 175 166  69  83 238  23   0   0 
2    15221 244 149  73  34 220 215 138  50 130 200   0   0 
2    15221  40  18 160  12  26 142 140 127 151  67   0   0 
2    15221 105  77 213 196  44  44 111 165 119  84   0   0 
2    15221  33 185  18   5 118 192 164 161  23  88   0   0 
2     8180 251 127  94  65  79 206  83 156  98  40   0   0 
2     8180   1 231 110 135  61 137 110  30 151 147   0   0 
2     8180 146  44  12 254 223 191 208  71 175 104   0   0 
2     8180 175 245 204 174 237 109 126 148 116 252   0   0 
2     8180 241 246 132 219 164  40 144 253  92  28   0   0 
2     8180 104 152  87 249 115  73 100 253 111 241   0   0 
2     8180 101 184 174 132  19 146  97  68  91 191   0   0 
2     8180  11  82 107  49  51 123  61 145 166 122   0   0 
2     8180 174 121 241 172 121  45 170 114  71 119   0   0 
2     8180 174 229  67 148 146  17 173 118  12 237   0   0 
2    15303   1 147 195  26  16  53  67  27 156 165   0   0 
2    15303 125 196 253 118 127  41  15  37 113 168   0   0 
2    15303 125  42 202 224  23 162  40 227  36 248   0   0 
2    15303  22 195 136 150 159  67 192 228 166 212   0   0 
2    15303 249  91 223 103 157 172 219  33 180 111   0   0 
2    15303 190 218 125 155 219 180 166  47  49 232   0   0 
2    15303 201 106  28 166   0  67  59 204   4 200   0   0 
2    15303 211 131  96 146 112  68 177  45 181 240   0   0 
2    15303 249 231 172  96  30 248 193 192 228 114   0   0 
2    15303 143 235  39 223 109 192 227  85 123 125   0   0 
2    15919  59 205 246  41 157 162 202 228  66  96   0   0 
2    15919 109 215 245 244 198 149 137  55  44 208   0   0 
2    15919 187  89 215  17 101 126 169 157 238 130   0   0 
2    15919 110 174  38 157 237  43 246 167 187  81   0   0 
2    15919 136  36  65 228 102 113 250 249 225 238   0   0 
2    15919 207 233  52 149  70 161 177   0  47 238   0   0 
2    15919 210 229 102 117 102 129  68 137  86 163   0   0 
2    15919  88 251 173  48  24 139  98 141   6 141   0   0 
2    15919 151 179  29  24 226 140 155 175 198 141   0   0 
2    15919 105  71 172 155  38 133  82 182 230 230   0   0 
2    12218 119 105 213 116  24 235 158 203  27 120   0   0 
2    12218  58  24 235 102  17 137 141 227   9  48   0   0 
2    12218 232 185 219 133 126  15 163  11  20  82   0   0 
2    12218 254 165  46  80  81  26 194  73 193 187   0   0 
2    12218  66 117 132  83 132 137 249  28 221  25   0   0 
2    12218 205 241   9 108 151 241 140  23 233   1   0   0 
2    12218 167 194 174 131 216 189 134  14 102 229   0   0 
2    12218  27 117 215 230 199  49 175 232  58 220   0   0 
2    12218 193 172  30 182  59 198 113 106  45  24   0   0 
2    12218 248  78 241 240 200 111 139 140  49 151   0   0 
2    16211 168 137 164 219 243 156  70 255 238 174   0   0 
2    16211 160 220 209 248  23 228 180 201  83 196   0   0 
2    16211 221 103  61 158 180  67 125 161 190  56   0   0 
2    16211  34 165 242 115 124  30 147 134 144 235   0   0 
2    16211 206  48 128 237 251  50   9 190  37   9   0   0 
2    16211  90 252 245  77  39 109  85 247  40 214   0   0 
2    16211 139  56 119  73 153  77  25 229  95 139   0   0 
2    16211  35  95 225  22  31 206 136  11  86 186   0   0 
2    16211  36  59 176 170  12 232   8  81  92 138   0   0 
2    16211 228  29  97 198 137 198  81 252 153 249   0   0 
2    13179  34  79 187 217 127 171  57  76 128 125   0   0 
2    13179 254 209 239 179 220  28 121 235 128  85   0   0 
2    13179 153  65  42 150 134 190 204  41 198  97   0   0 
2    13179  56   4 106 102 207   8  65  79  87  27   0   0 
2    13179 123 211  80 180 137  33 105 194 207 212   0   0 
2    13179  41 169 197   5  73 180 184 211  62 144   0   0 
2    13179 227  87 172  28  35 214 212   5 226 243   0   0 
2    13179 249  27 244 214 101 200  83  61  79 184   0   0 
2    13179  43  35   1  18 218 154 186   8  95 249   0   0 
2    13179 137 136 252   8 172 104  65  75 144 167   0   0 
2    11772  77 190  57 130 157  66 233  20 170  71   0   0 
2    11772 136  94  45  62 145  16  51 216 230  44   0   0 
2    11772  82 184  54  75  80  49  69 198   2  24   0   0 
2    11772  89 236 171 144  43 125 241  53  76  42   0   0 
2    11772 110 201 153 167  15  91 118 202   1  90   0   0 
2    11772 216 116 205  96 142 103 189 243 222  49   0   0 
2    11772 251 114 250 216   9 108 245 175  95  66   0   0 
2    11772  45  99  62 127 104 203 144 235  60 128   0   0 
2    11772 105  60  85 155 128 209  60 231  95 202   0   0 
2    11772 169  26  25 169 174 170 118  72 200 119   0   0 
2    15214   6   4  13 150 106 209 113  62 145 164   0   0 
2    15214 144 240  77 130 251 107 219  33  88 136   0   0 
2    15214 253 156  79  41  53  81 159  74  12 174   0   0 
2    15214  52 166  60  66  67  31 116   5  52 240   0   0 
2    15214 215 221 183  35  34  65  34  95  59 160   0   0 
2    15214 148 240 127  15  11   1  99 106 177 152   0   0 
2    15214  72 218 116 213   0 120 186  35 246  11   0   0 
2    15214   7 223 112  16 241 243  95 127 194 185   0   0 
2    15214   4 124  50  93 137 227   5 186  53 206   0   0 
2    15214   4  11  97 132 239 208 105 179 226  66   0   0 
2    15919  20   0 138 156  91 212  59 164  68 229   0   0 
2    15919 124 144  62 236 165 194 194 155  68 171   0   0 
2    15919  34 142  95 114  46 166 242  64 251 237   0   0 
2    15919 251  68 171  25   1 251 131  94 235 232   0   0 
2    15919 221 239  77 102  30 242 207 108  73  51   0   0 
2    15919 225 179 108 159 113 234 159 194 184 219   0   0 
2    15919  51 124 153 142 190 194 249 166 217 124   0   0 
2    15919 247 197  73  92  57 160  41 235 116  88   0   0 
2    15919 121   0  18 117 106 104  23  84 220 183   0   0 
2    15919  92   3 247  35  80  13  57   5  90 145   0   0 
2     6527 206 209  89 255  71 123 200 223  26  59   0   0 
2     6527 126 153  16  55  42  12 138  74 124  15   0   0 
2     6527  64  81 157 188 253   5 232  43 151  16   0   0 
2     6527  60 239  87  63 158 236 163 205 162 168   0   0 
2     6527 150 207  98 168 156 140  51 148 132 214   0   0 
2     6527 255  80  51  67 208 224 163 144 178 227   0   0 
2     6527 188  29  89 124  29 188 139  15 245 207   0   0 
2     6527  17  92 113  84  38 223 147  68  91 225   0   0 
2     6527 129 114 149 214 101 204  73 188 145 244   0   0 
2     6527 179 153   8 238 249 130  36  29 114 213   0   0 
2    12231 137 209 215 146  34 237   1 193  82 141   0   0 
2    12231  51  44 249 178  32  91  72  13 249 235   0   0 
2    12231 226  41 105 219 178  80 217  64  90 177   0   0 
2    12231 223  63 240   0 128 223  73  10 164  56   0   0 
2    12231  69 121  24 246 221 229 125  48  77 171   0   0 
2    12231  59  95  47 154  16 173  13 120   7  92   0   0 
2    12231  65 253 206 181 221  88  75 115 164 216   0   0 
2    12231  56 234  91 207 142  66  58  70 200  46   0   0 
2    12231  67 158  22  16 200  72 239 219   8  15   0   0 
2    12231 234 147 251 249 169  23 199 232  25 116   0   0 
2     9183 137 189 252  46  27  52 149 223 165  23   0   0 
2     9183 136  56  76  94 212 146   2 110 166   6   0   0 
2     9183  13 182 146  25 144 116 185  88  76  29   0   0 
2     9183   9 138  55 248  12   0 197  39 234  10   0   0 
2     9183  95 125 230  64 152  29 137 210 164   9   0   0 
2     9183 147 173 247  13 235 150  50 156 162 134   0   0 
2     9183  68 116 196 208  32 243 116  21 159 188   0   0 
2     9183 210 166  37  91 122  46 198 145 254 112   0   0 
2     9183 253 240  29 108  54 137  26  64 227 109   0   0 
2     9183  66 217  59 184  39 147  88 239  10 220   0   0 
2     8165 227 252 222 154 122 100 245 172 193 146   0   0 
2     8165   8 179  92 182   1 163  32  14  26  76   0   0 
2     8165 198 151 125  96   2 220 228 125 123  57   0   0 
2     8165 193  34 254 243 127 161   4  81 240  18   0   0 
2     8165  95 139 196  37  38 137 143 188 219 106   0   0 
2     8165  79 158   1 123  88  31 122  73  54  60   0   0 
2     8165 111 169  34 137  13  65 114 229 201 232   0   0 
2     8165  51 146 164  74  83 204 200 231 215 234   0   0 
2     8165 161   3 113 182 245  65  28  97  85  57   0   0 
2     8165  99  59  71 136 163  51 118 170   4  84   0   0 
2    14189  26 171 120   7 134 141 241  35  28 133   0   0 
2    14189 143  57 195 165  43  72 166 133 134  71   0   0 
2    14189  99  17  97 116 151  24  14 255 211 126   0   0 
2    14189 222 216 153  92 229 147 184  86 152 184   0   0 
2    14189 183 202 125 201  22 255 148  55  93 214   0   0 
2    14189 195 141 232 115  12 134  58 109 149 172   0   0 
2    14189 204 207 255  84 167 237 112  95 112 218   0   0 
2    14189 132 179 155 167 253 164 226 231  15 146   0   0 
2    14189  55 248 168  79   2  55 187 175 247  39   0   0 
2    14189 205  38  42 179   1 243 254 153  37  38   0   0 
3    64207 111  11 160  23 132  17  84 232 210  23 231  51 
3    64207 244  61  53 128  10 195 174 135 240 124 237  42 
3    64207 244 103 206 255 223  14 237 200 247  59 251 146 
3    64207  67 253 153 107 149  45 142  89 156 160 223 116 
3    64207  49 140 204  94 212 222  71  40  45  16  49  99 
3    64207  31 176   4 205  68 243 203 170  37  14 215  93 
3    64207  69 206 226   5 110  46  40 225  94 190  53  15 
3    64207 229 125  89  87 232  96 114 191 140  40  11 130 
3    64207  38 170  36 172  77  31 157 182 142 171  12 242 
3    64207 241 123 139 120  74 144  28 122 224 212 175  39 
3    43519  98  55 147 120 129 129  82  28  80  65  87  35 
3    43519  37 226  29 238 215 118  49  64 210 225 101  70 
3    43519 222 209  10 175 213  67  18 153   8 172 226 220 
3    43519   4 216  55 195  60  18 110 151 248  13  83 123 
3    43519 163  23  81 155 102 239 246 124 246   0 220  97 
3    43519 223 220   5   1  83 205 136 245  27 208  51   7 
3    43519 199 112 193 233  35 210  79  69 211 204 127 117 
3    43519  78  96   5 152 134   4  98  88  29 248  25 137 
3    43519 187 135 255  88  93   2   1  53 195  14 135 195 
3    43519  50 149 236  94  63  34 226 123  87  99 205 215 
3    57322 129 200 199  65  78 209  35 178 240 216  42 219 
3    57322  96  32 193 221 255  25  44 124 239 116 183 128 
3    57322  55 166  56  12 119 146 186 248 128 106 134 198 
3    57322 193 158  25 129 208  97  34 186  25  16  46 133 
3    57322 180 216  25 177  21 130 111  72 178 183 169  53 
3    57322 128 233 176  12  83   5  28  54 237 159 139  38 
3    57322  93  16 206 186 152  28 139 227  65  70   8 121 
3    57322  65 171  45 229 175 184 100 210 159 254  44 146 
3    57322  21   2  24  85 105 253 251  56  94  79 128  27 
3    57322  45 241 216 189  98  66 200  82  96 228  61 142 
3    64859 243 112  15  79   5  76 165  96   8 252 141  39 
3    64859 190  44   4 152  41 211 197 250 250   6  45 223 
3    64859  79  70 105 122  38  60 239 147 101 176 240 161 
3    64859  79  31 245  13 222 247  44 181  82 254 198  20 
3    64859 150  94 213  56 163 113  78 222  24 134  65 107 
3    64859  85  79  66  33  34 138 150  60 233 175 160  37 
3    64859  71 144 216   9   5  13 117 224  28  79 243 182 
3    64859 176  59 168  52 235 240  60   6 197 121 171 223 
3    64859 156 234 160  56 120 134 158 147  30  86 160  22 
3    64859  83 148  38 139  43  52  64  21  45  62  28  88 
3    14079  23 252 251 226 194  30 232 112  23  75 110  48 
3    14079  66 195 132  71 120 178  96 174   1 242  11 131 
3    14079 222 220 133 167  31 182 200 125  39 194  12  47 
3    14079 177 247  18 231  22 129  90  59 143  74  82 224 
3    14079 134  87 194  20 137 175 194 108  49  81 182 208 
3    14079  85  65 150 166 121  77 159 228 212 201  46 193 
3    14079   2 101 225   4  28  48 164 122 134 174 223  81 
3    14079 209 235 219 134  45 139 228 140 145 126  47 157 
3    14079 255 253 212 197 206 163  36 233 253 117 220  38 
3    14079 169  13  10  71  19 161  88 144  19 192  76 194 
3    57270  44 195 229 210 159 253 148 125 169  74 148 195 
3    57270  37  27 211 185  18  21 202  78 169 100 188 133 
3    57270 158 143 116  45 232 168  95 158  41 252 124 119 
3    57270  33 245  81  73 180 221   2 173  43 135 141 174 
3    57270 193  40  17  31 124 127  91  38 179 108  64  48 
3    57270  43  42 181  41 176 115   6  86 200 122 250 121 
3    57270 190 109 231 198 112   1 219 110 182  48 155 180 
3    57270 200 154 157  35 123 188  96 126 185 244  89 151 
3    57270 213 255 156  63 244 169 104  24  26  79  66  69 
3    57270 237 217 124 144  79 164 108 161  61 128   6 172 
3    65415 195 122  87 131   0   4 151 182 181 193 201  45 
3    65415  59 196  62 129 128 135 208 199 108  42  80 113 
3    65415 154 238 167  60 192 144 169  36 145 132 217 196 
3    65415 159 139 239  89 126  62  78  20 126 106 237  46 
3    65415 230 145  33 114 192 114   0  64 221  49  79  82 
3    65415 124 159  71 154 141 176 132  37  86  58  68 176 
3    65415  96  52   7 154 181 135  96 126  28 113 168 200 
3    65415  84 164 237 227 165  67  29 235 252 115 134 163 
3    65415   8  90 144 171 254 248 117  19  59 112  33 212 
3    65415 225  53 246 202 244 142 167  57  36 223  64 100 
3    62446 160  88 149  20 150  92  54  17 240 225  42 228 
3    62446  48  13 111 112 190  54 156  85 172  59  20 192 
3    62446 160 198   3 250 172  77 146  64 192 135  30  77 
3    62446 236  52  15 214 253  51 184 252  89 111  51 187 
3    62446 120 171  29  46 214  44  84 101 249 207 123  27 
3    62446  49  95 100 209  22  52 194 224 220  67 113 143 
3    62446 225  37 248  40  38 141  48  76  46 178 185  37 
3    62446  53  33   9  47   6 169 125 213 148 170 100 148 
3    62446  80 143 116 177 183 123 119 128   1  19 130 220 
3    62446 217 164  39  80  85 186 192 115 130 114 182  23 
3    65195 245 160  27  79 211 225  63 207 220 130  92  31 
3    65195 237  43 166  27  72 213 156  16 106 103 244 181 
3    65195 145 244 210 144 128 129 136 237 172  96 209 234 
3    65195  62 167  62  12 168  43  42  11  96 181 180 143 
3    65195  58 147  41 154 253  59  70 207 139  95 154  21 
3    65195 249   0 121  93 205   5  34 163  31 162 116 167 
3    65195 106  19  90  84 165 237 150 105 253 254 160 248 
3    65195 133 224 111  19  75 196  22  78 232 241 199 140 
3    65195  52   3 180 216 175   0 225 114 121 167  30  43 
3    65195 210 212  70   1 187  36 179 178  43  25 185   6 
3    28623  95 145  95 158  97  89 196  28 170 232 147 106 
3    28623 204  53 144 153  38  67 171 139  80 217 128  34 
3    28623  99  55  22  31 169 240 243 110 131  14 237 118 
3    28623 222  82 126 154 183 199 253 124 136 173 102  90 
3    28623  21  27 109  80 153  52 194  65 176 162  36 242 
3    28623 137 188 235 230 184 170  82 131 111  15 248  50 
3    28623 192  19  41 208  33  21  52  80   6 196  76 198 
3    28623  69  75  71 142 245  30 203   9 250 129  42 199 
3    28623  42  12  68  13 103  25 204  89 232  49  72  44 
3    28623 141  41  54 168 251 156 149 202  96 201 222  86 
3    28413  75 235 161  28  43  43 203  19 213  32   2 170 
3    28413 212 127  26  26 124 222  24  33 180 118  67 162 
3    28413 131   9 219  98  33 170  70 108 206 182 223  52 
3    28413  32 134 190  89 255 133 199  62 182 111 105 190 
3    28413 125  62  17 235  71 254 231 155 146  61 242  69 
3    28413  79 120 137 224 117 166 255 105 148 199 105 213 
3    28413  80  47  35  45  60  64 181 205 111  91 146 157 
3    28413  54  11  82  37 154 236 104 106 244 116  41 169 
3    28413  20  50 188 153  33  23 172  65 101  79 166 253 
3    28413  86  58 254  15  90  72 111 211 128  88 231 136 
3    32501 228 248 225 150 106 162  76 196 212  88 217  86 
3    32501 209 206 108 188 248 182 221  54 182 151  44   3 
3    32501  88 179 199 230  91   9  87 189 117  23  42  73 
3    32501  37  80 252  82 252  47 248 228 169  44 224 136 
3    32501 167 178  64  90  46 175 222  90 185  92 229  47 
3    32501 216 244 103  58 120 115  45  97  93  45  10 246 
3    32501 109 160 223  71 127  28 146  36  20  21  75  94 
3    32501 129 192  45  76  74 200 140  55 170 180  51 170 
3    32501 197 202 165  15  24 175 102  46  17  15 201 239 
3    32501  17 109 138 208 126 101 230  69 180 255 218  10 
3    56295 118 155 233 243 254 166 180  55  72  84  70 150 
3    56295 165 157 223  66 146 239 240  39  61 102  64 250 
3    56295 204 130 249 254 126 118 117 251 174 123 166 128 
3    56295  94 201  13  82 125  21 102  44  99 120  73 101 
3    56295 197 111 176 124 207  17 161 226  90 146   1  63 
3    56295  41 138 193 191 117 128  41 247 234 156 145 187 
3    56295  28 196 125  52 167 209 215  70 114 151 211 223 
3    56295 248 183 125  42 168 129 244 161 217 157 124 100 
3    56295  90 193 108 147  35  25 112 174  83 103 139 229 
3    56295 249 171  64 112 216   2 151 240 212 221 224  64 
3    64967  35 203  41 234  76   5 249  64 255 224  84  98 
3    64967  96 194  98  17  74 216 192 165 116 189 184 177 
3    64967 160  52 197 144  31 147  34 133 223  62 119 231 
3    64967 153  37 234 115  15  84 144  78  65  28 232 151 
3    64967 114 131 227  71 183  41  55 139  66 115 223 155 
3    64967 255  69 249 102 219  26 202 133 226 165  33 196 
3    64967  39  41  81 132 238   8 129 100  15 174   4  46 
3    64967   2 250 229 218 205 132 243  35 178  94 135 128 
3    64967 164 103   6 194   6  40 150 198 218  89  77 194 
3    64967  61 134 141 151  34 186 153  12 106 248  15 186 
3    40767  27  48 140 138 126  38  17   8 144 136  44  74 
3    40767 150  63 192 198 139 214  30 177 227  39 193  83 
3    40767 113 253 143 133 199 226  85  55   0   1 121   3 
3    40767 132  89  66 211  69 196 219 106 252 145 178 102 
3    40767 101 175  50  46 207 177 130  43  13 101 212  25 
3    40767  18 149  21 177  27  20   7 160  63  98  88 131 
3    40767  76  36  33  17 205 116  55 143 224 117   0 235 
3    40767 212 156 180  31  76 174 184 118  11  12 131  44 
3    40767 169 221 125 109 202 100 142  12 174 241  68 196 
3    40767 169  29  39  75 237 206 141 240 168  82 127  78 
3    48633   9 151 184   2 212 160 255  82 252 129   8 105 
3    48633 199  27 224 222  15 198  25 199   8  60 188  72 
3    48633 103 167 128  65  59  63 109  20  50 168 208  68 
3    48633  45  58 242  37 102 104 152 231   2 104 173 225 
3    48633 172 146 130  98 222 157 179  58 186   8  23  30 
3    48633  50 171 251 171  35 117   5  85 237  88 166 119 
3    48633  81  53  98  30  33 175 182   1  88   6 222 131 
3    48633 146 250  61 119 162 254 214  50  10  93 107 228 
3    48633 147  20 226 120 138  29 208 160 146  68  94 215 
3    48633 137 202  37 158  82 177 156  39  65  14 211 220 
3    31611 119  59 134 235 116 120 252  15  97  27 165 132 
3    31611 155 140  79 227  49  51  40 199 108   0  74  61 
3    31611  39 129 102 239  74  36 236  45  98  46 174  46 
3    31611 194 130 168  40 181 144 203   6  75 187  80  26 
3    31611  10 206 120  56  76 137  64 192   3 108  63 167 
3    31611 117  57 164  35 202 145 148  72  95  58   7  18 
3    31611   7 232 107  89 130   7 175 175   5 205  17  26 
3    31611 181  24 136 158 110 138  18  45 162 212  65 225 
3    31611  36 160 198 202  71 147  87 145 208  14 178  51 
3    31611 231 226 246 246  74 225 201  16  78 209 248   3 
3    58303  60 118  69  16 212 228 198 205 242 113 139 157 
3    58303 228 181 115   0  12  54  12 178 205 232  76 188 
3    58303 152 156  36 196 202   9  98 107  93 113 217 134 
3    58303   2 101 131 211  63   2  12  18  23 179 204 252 
3    58303  78 236   2  45 205 218 212 251  79   6 225  15 
3    58303 180 108  36 136 234  27 233   6 178  38  80  45 
3    58303 221 213  96 159  75 123  40 124 215  80 199 215 
3    58303  34 102  54  81 213 138  34 193 162  13 146  67 
3    58303 105  60  41  35  32 154  45  14 178 254 176 184 
3    58303   3  21  98 226 238  47  34  86 149 217  48  95 
3    16349 207 249 210  77 125 103   0  83  92 181 147  61 
3    16349 241 149 195 247   1  70  30  33  97 184 115  17 
3    16349 147 171 111 252  58 107  50  35  65  73  50 246 
3    16349 105  86 128 235 109 104 254 246 209 168 248  65 
3    16349   3 101  21 255 109 231 247 186 131 129  77 144 
3    16349 218 146  64  12 157 221 142  63 161 128 222  38 
3    16349  34  48 143 194 181 139 143  83 247  29 201 101 
3    16349 171 188 240 119 122 226 190  86  16 163 245 213 
3    16349 239 229 180  26 144  57 140  44 178 206  71 183 
3    16349  38 177 108  76 120  77 161  13   3 233  81 131 
3    63101  78 100  61 233 181  33   2 228  56  52 165 253 
3    63101 225 192  50 244   5  22 150 223  67 172  57  63 
3    63101 153 189 176 193 202 207 131 135 150 128 197 252 
3    63101  81 225 246  65 231  95 240 234 104 153 146 131 
3    63101  37 111 249 215 100  64 229  65 101 140  64 135 
3    63101 179  26 123 218 117 247 131 229 230   1 170  39 
3    63101 211 169 207 207   3  25   2  46 227  27 181 123 
3    63101 181 205 131 191 140   2 159 154  29  52  78  35 
3    63101  15 164 202 141  97 217 171 110   7 208 236  35 
3    63101 150 187  96  83   4 153 219 187 205  71  75  99 
3     8159 118  32 156 158 136 127 189 190 255 124 102 180 
3     8159  28  13  91 161 139 242   2 162 239 130 197 137 
3     8159 140  60  94 102 197  66 233 170 196  36 132  29 
3     8159  59  95 239 153  40  81  89 197 175  56 249 234 
3     8159  51 111 118  17 247  68 233 170  42 200  45 208 
3     8159 101 106  54 139  91  10  65 185 216 198 207 219 
3     8159 242  61  21  56 250 161 254 150 100  85 173 164 
3     8159 173  95 116 177  88  93 201 242  20 230 205  19 
3     8159 189  72 177  24 251 216 166 175 118 212 158 172 
3     8159 225  16 168 247  21 166  61 192  72 104 122 147 
3    65452 146 238   8 133 201 170 252 177 168 162  85 117 
3    65452 248  32  92 204  62  65 249 248 253 181  99  89 
3    65452 209 155 187 191 241 134 170 145 166   8 147 250 
3    65452   2 109 114 151 179   4  26 164 165 155 252   0 
3    65452 110 252 183  40 168 155 168 115  42 207  92 252 
3    65452  89 180 147  14  17  29  10  73 244   6  22 211 
3    65452  95 159 182  48 150 190  81 186 218 210 189  32 
3    65452 106  73  83 248 193  39 207 250  18 248 162 190 
3    65452 140 163  14 226 176 145 240  78 178  49 213  25 
3    65452 241  66 223  63 150  95 253 182  70  43 194  44 
3    48847  14 114 191  24 224 215 199 159  87  74   2 202 
3    48847  14 196  96  26 251 233  24 207 131  34 148 208 
3    48847 206   6 167  89  37  64 116 199 204 217 163 125 
3    48847  71 221 255 205  74 224 192 243 145 203  73  21 
3    48847  26 152 239 246 135  36 179  71 115   0  71 246 
3    48847 216  90 246  44  78  20 167 242  55  27  27   4 
3    48847 152  20 212 188 219   8  55  67  13  70 162 216 
3    48847   3 193 159 136 204 178 243 102  10 165  78 208 
3    48847 107  92 171 137  41  77  91  15 194 245 200 242 
3    48847 255 179  80  87  70  98  71   0 205 154 161 148 
3    47063   1  51 136 246  13 241  78 125 144  64  68  95 
3    47063 179 156   7 136  48 128 194  13  72 162  93  41 
3    47063 177  28 242 100  74 157 195  66 102 164 203  61 
3    47063  14 236  13 136 230  16  78 232  10  82  47 248 
3    47063  68  45 181 100 125 147 122  32 208  52 198 230 
3    47063  60  63 229  90 126 128 125 174  58 168 215  18 
3    47063 135 140 131 177 103 155  62 129 219 208 166  85 
3    47063 176  63  32 146 144  23  61 162 242 207  52 115 
3    47063 103  38  39   9 175 243 107  63 227 118  52  21 
3    47063 159  93 238 133 167 234 226 107 222 190 114  81 
3    40947   3 180 198 175 107 244 124 201 122 105  29  77 
3    40947  32 104 233 206  84 150 171  19 149 124 251 161 
3    40947  57 233 231  38  85 112   6  52 250  28 129 149 
3    40947 139 143  93 237 106 193 252 110 152  33  67  85 
3    40947 250 235 245 229 199 109 182  19 153 161 149 165 
3    40947  97 127 190  94 177  39  28  13 135  37 189  41 
3    40947  92 217  54  63 145 216 142  63  52 150 192 237 
3    40947 137  35 174  18 243  71 178  35 239 185  21 244 
3    40947 191 105 213  52  98 240 252  94   1  33  37  21 
3    40947 157  75 177 182 174 165 226  12   7   4 201 103 
