174  57  54  31 
216  32 163  49 
146   1 154  69 
126 247  13 159 
164 121 201 145 
138 139 123 113 
210 121 250 226 
 75  89 128  95 
 45 104 166 145 
168 212 220  12 
147 233 127 251 
220 247 237 115 
248  27  63  58 
 61 186 185  71 
  1 159  75  48 
 56 153 226 253 
 57  42 170  30 
118  32 139 111 
161 239 156  53 
160 110 107  39 
232  57 185 168 
 74 156 199 188 
248 108  94  88 
225 128 106  80 
235  23  25 217 
242 170 221   9 
 66 204 228 141 
198 107  12  87 
 22 212   2 104 
 87 171  35 150 
211 240 199 143 
 48 232 224 151 
107  97  55  71 
101 208  66  97 
112  82  69  36 
202  79  93  44 
157  83 117   5 
111 148   9 252 
235 132 136 144 
 84 169  34   2 
152  63 225 190 
149 145 101 127 
207 204 218  28 
249 215  48 164 
253  90 168  17 
238 241  62 159 
122  64 203  60 
 51 162 211 245 
  6 124  23 125 
182 117 178  11 
  2  23 200 224 
 17  19 192  35 
117  82 245 166 
 60 200 190  26 
 77 139 108 119 
 22  13 255 237 
 27 168 224 212 
117 124 232  99 
221  89  57  81 
125  71 196 175 
193 123 102 106 
196 164  78 201 
183  98 128 169 
162  58  93 114 
 30 185   0 107 
169  12 108 244 
 71  68 103  25 
181  60 109  34 
143  45 201 109 
 79  21 122  31 
140 242  70 119 
159  24 218 173 
 24  98 202  47 
 20 209 199 248 
205  38 126  39 
157 155  69 249 
109 127 113  60 
131 163  67 183 
 41  92 184  69 
173  66 123 104 
 93 149  82  62 
 63 223 133 230 
183  45  83  40 
115 122  11 240 
226 245 185  95 
186 155 177 140 
201  21 215 238 
151 127 121  44 
199 221 240 239 
205 131 226 179 
 52 124 184 105 
 62 140 143 177 
 68 195 152 113 
106  31 154 240 
172  38   8 169 
217 105 206 186 
 93 114  56  30 
 76 180  84 255 
187 141  73  21 
235 193 217 201 
166 249 221 181 
163 239 103  12 
184  32 218 227 
131 150 179  92 
204 127  25  34 
195 250  40  83 
 18  91 219 207 
107 200 234 163 
220  94 150 187 
 55  41 152  67 
 47  27  26  52 
160 123 253 113 
208  79 170 130 
 43  28 226 152 
163  83  83  99 
233  15  69 239 
136  91 124 104 
142 151 146 181 
 18 172 223  20 
102 119 242 161 
 55   6 177 162 
155  79 219   4 
220 220 139 254 
181 235 248 194 
 37  85 250 110 
 12  78  79 180 
 90 118  89 139 
185 147 215 160 
124 194 239  58 
179 168  63 162 
219 100 156  11 
162  97 178 201 
118 196  78  73 
153 109 134  81 
141 225 121 228 
251 229 181  50 
131 205 216  21 
  8 198 255 213 
149 221 175 155 
174 104 118 165 
212 155   7   9 
 12  14 228  62 
228 222  98 190 
117   7 130 197 
 71 161   6 249 
 22 109 156 241 
212  52  71 178 
141 115 147  14 
 66 163  85 223 
 66  54  52 125 
153 146 165  84 
219  90  65 236 
243  23  50  14 
233  76  92 120 
 30 244 174  60 
185 185 134 177 
106  50 136  23 
164 245 132   7 
254  26 159 207 
207  36  79  35 
244 182 142  67 
248 167  57 122 
 62 212  27  84 
 37 178  46 131 
 24 131 155  49 
 40 221 246 207 
155 213 182 221 
 27 209 170 168 
253 101 196  81 
113  50  66  47 
176  76 225  60 
253 161 214 166 
109 205 240 216 
192 138 110 180 
248 232  76 174 
 65  44 127   8 
160 135  17  48 
 27 120 130  13 
 55 128 162 214 
198 215 103 146 
  3  40  97 190 
 98 196  46  27 
 30 246 100 193 
 58  99 159  33 
126 139 154 143 
172 156  59 160 
192  18  65 156 
165   2 251   4 
 27   7 155 184 
185 178 227 175 
206 112 179 226 
 34 142  75  42 
 32  14  67 189 
  1 255  82 221 
 57  33  89 115 
224 134  23 227 
207 179 252 171 
 12  49  51  14 
 93  45 212 189 
186 155   2 160 
156  39  37 249 
 82  94  51 125 
135 152  80  87 
 75 176  37 250 
108 176 154 231 
121  89 147 143 
121 143 179 230 
159  73 232 200 
 85 158 119  31 
233  61  82 164 
 13 201 163  30 
153 244 118 107 
153  23 232 196 
250  36 164 168 
203 147 212 106 
183 152 121  96 
233 235 156 160 
101  98  96 221 
162   7 168 143 
 21 159 213 249 
180  41  29 101 
141 223  70  54 
244 177  52 137 
 58  38 220 103 
122 208  21  53 
246  75  36 242 
211 172 223  51 
127 135  57 183 
 55 122  88  56 
205 174  14  48 
 42  13 117  73 
169 253 253  70 
228  55 132  71 
160 125 229  53 
 41 204  69 244 
 83 117 179 147 
130 141  23 127 
168  61 206  27 
206 244 208 255 
  0 156 116 148 
199 231 222   3 
 71  75  84 206 
151   2 184 226 
 75 235  25  19 
 83  90  27  78 
 11 146  81 239 
175  37  51 168 
 76  97  58 233 
183  44  15 238 
 18  90 111 226 
 12 235 101 141 
 39 218 188 230 
229 147  74  18 
 22 227 140 153 
 83 233  11 143 
 66 165  66 246 
196  77 161   1 
 63  65 169  67 
124 169  15  86 
119 247 228  35 
121 125 232  29 
112 197  75  98 
104 171 204  43 
117  65  87 143 
 81 210 186  53 
193 184 217   3 
173 115 132  73 
 79  88  17  37 
216  48 190  26 
 28  90 227 223 
145 103  25 221 
 88 122 235  67 
137 153  59 127 
 82 142  62  83 
 12 239 182  31 
247  11 118  91 
211 152  31   5 
 58 130 243  87 
 19  14 160 204 
 70 203  39 188 
160 125  91  97 
148  75 152  84 
105 239 131   4 
153 163 114 224 
216  38 134  35 
104 135 103  42 
 96 182 218 122 
157  66 247  35 
151 114 239  68 
188 250  63 190 
196 244  39 173 
 51   9 187 225 
163   1  49  21 
127 174 228 106 
251 141  62 190 
231 115 209  57 
 80  92 161 221 
220 209 114 178 
163 187  32  48 
 42 220 163 208 
132  50  15 127 
197 177 129  47 
198 133 245 180 
199 120 192  53 
167 149  33  22 
 48 198 231  13 
 63  86 235  62 
154  80  96 224 
123 225  52 244 
198  67  33  93 
 30 242   9  12 
171  68 194   9 
103 220  12 226 
 48  10 203  36 
101  80  33 215 
104 125  24 251 
 10  27 212 153 
167 220 144 243 
 99 201  16  57 
 34 191 190 197 
 68  18 234  27 
205  85 245  68 
115  83  72 105 
241  41 165 163 
 15  95   2 224 
192 145 230 214 
139 220 247 227 
173 186 126   1 
125 156 102 230 
  2 242  83  81 
 34 172 163 145 
 89 168  75 130 
187 156 251 162 
208 248 114  23 
 77 225 181  63 
 27 124  29 178 
179 177 166  60 
 41 120 243 176 
167 198 137  37 
 71 155 219 104 
 95 119  92  84 
 42  66 188  23 
151 158  33 128 
 14 204 107 237 
212  54 165 100 
118 199  19 149 
182 138 189 219 
229  27 216 163 
255  45   1  40 
 79 114 109  67 
161 145 115  31 
 14 131  33 175 
 12 212 233 157 
 14  45 216   5 
149  41 233 211 
 17  49 128 124 
133 239 148  42 
 99 151 166 206 
 69 112 115  70 
194 240  12 208 
139  50 164  83 
 18 206  25 168 
216 159 242  69 
 52 111 233 114 
104  82  28 152 
193 177 186  25 
 36 234 254  54 
137  62 128 143 
 93 143 239 111 
132 169 192 252 
110  25 197 248 
 84 161  60 172 
121 195  77 241 
 98  39 132 112 
248  54 130  12 
 63 208 214 248 
128 111   3 155 
109 137 175 185 
 67 170 138 100 
 41 195 168  15 
202 103 181 167 
 84  93 180  39 
193 148 244 225 
 45 198 129 191 
194 243   2 110 
131 184 241  47 
144 182   0 102 
193 167 251 123 
 52 106   4 165 
232  74   5 172 
242 226 168 250 
126  22 220 246 
220 177 175 134 
119  35 184 179 
172  63  30  46 
 38  93 110 169 
 21 236  53 229 
 16 195  82 114 
175 205 126  44 
164  53 225 249 
243 151   3 208 
203 242  41  60 
209  45 216 152 
251  14 207  72 
249 250  17 114 
208 113 153 133 
 65 250 214 183 
110  45 100 106 
 29 163 106 241 
 41  56 225  23 
 95 146 102  36 
187 243  53  49 
 32  67  77 170 
 20 208 101 173 
113 100 168 147 
204  42  71  50 
 25 146 132 156 
 17 186 126  98 
 93 132 122  90 
 25  90 253  21 
 40 205 222 116 
 38 125  79 224 
246 233 231 201 
202  80 136 178 
196 137 157  15 
135 147 194  37 
 75 240 179 102 
156 144  63  34 
 32  57  84  94 
128  86 180 165 
  5  48  52 123 
 30  42  90 195 
  5 237 229 117 
159 120 176 210 
157 110   6 176 
 78 115 207 142 
 82 223 241 166 
248 216 135 230 
 89 218  58 103 
 87  37 207 173 
 15  98 159 230 
175  82  30  24 
228  84  53  54 
 55 114 189  37 
 66  25  88 138 
131 177 147 206 
106 101  97 172 
154 139  83 164 
230  66  82 188 
134 144 153 174 
147  55  18  39 
127  40 140  73 
 70 241 243 127 
127  48  72 195 
120  72  79 161 
105  79  87  78 
222  24  91  36 
  6 145  71 250 
145 167 255 215 
223 145  99 247 
236  66 206 116 
 95  51  84 183 
 80  19 239  35 
234  21  91 161 
 31 120  87  40 
 66   9 178 131 
192 108 147 153 
 73 186 177 203 
211 204 226  87 
143 212 177 168 
187  77 104 116 
192 231  50 170 
 33 130 152 114 
166  49  97 226 
 98 141  74  79 
100 146  28 115 
149  83 204  98 
252  98 192 226 
 41  18 106  88 
138  19 227 233 
145 115   4 183 
 36   3 148 193 
225   1 209  25 
 64 103 167  64 
 82  12  61 129 
172 246 215 205 
 65 132 122 160 
 78 142 227 180 
 14 215  24  46 
166  57   8 217 
243 222  57 192 
182 136  78 195 
233  66  89 248 
 96 147 163 218 
  6 110 234 227 
236 191  55 209 
217 254 240 220 
230 167  28 236 
 66 105  70 139 
192  46 249 216 
 18 248 136 254 
173  61 114 252 
124 100 114  50 
139 134  31 140 
164 145 164 201 
182  42 228 168 
 99  27 239  79 
152 129 126  94 
  8  15 203 193 
  3 104 216  47 
131 135 129 106 
128  17  40 130 
222 196 226 241 
 17 223  52  75 
 52  45 140 241 
 22 202  82  53 
 29  61  77 158 
191 244 155 197 
 14  48  10 252 
209  46 187 152 
198 199 222 187 
164 232 163  12 
231 252  61 183 
231  68 110   6 
145 251  91 212 
132  92 252 188 
113 124 169 170 
126  67  46   0 
147 201  34  37 
190  14 160  96 
159 216 225  95 
126  76 213   4 
251 118  90 204 
126 198   2  47 
186 206  83 231 
155 156  25 214 
 97 166 171 104 
107  62 157 117 
135 146 139  73 
119 204 137 122 
166 183 230  82 
122 148 193  40 
142 134  65 176 
116 122 185 201 
236 247 132 116 
  2  37  51 150 
  2 100 141 207 
150 254 107 153 
206 139 101 115 
 53  52  29  53 
232 237 225  34 
136 132 221  24 
 73 231 103  58 
148 180 166 137 
114  80 114  91 
 48  72 104 254 
164 182 255 198 
255  67 155 124 
 45 186 173  56 
 39  99  99  55 
126 183 121 175 
128 158 167  39 
103   7  66 179 
183  58 228 183 
185 203 197 249 
133 184  76 154 
119  74  55  23 
222 122  78 221 
119  94   1 191 
 33 239  48 114 
 37 219  33 251 
 82 121 211 235 
 14  91 228  42 
252 245 214 152 
105 114  13 241 
 13  28 122  20 
160  53 103 197 
211 103  21  15 
 43 213   3  58 
 25  74 182  21 
 80 125  57 215 
154 163 205   1 
 22   3  24 187 
129 250  79 121 
187  87 124 237 
240 115  50 254 
168  67 106 223 
 80 208 101  54 
211   9 114  25 
 79 193 239 204 
 52  24  45 104 
111 124 157 151 
130 247 194  72 
101 157 130  67 
141  69 190 219 
 67  98  71  26 
134 141 223 179 
166  73  72  34 
229 182  89 255 
 63 205   8 246 
  6 173 114 242 
148 197 230 232 
180 155   2  90 
 85 129  88 126 
  0  69 136  94 
152 219  32 103 
106 179  78  28 
101  36  51 252 
 97 248   4 199 
203  22  32  96 
207 126 100 236 
125 247  65 123 
170 164 181 144 
215 226 103  32 
115   2 200 218 
242 252 243 113 
251  31 183 152 
201 188 146 215 
 43 239 194 165 
106  33 143 233 
 90 211 205 105 
 90  97 248 168 
 64  47  78 193 
181  30  97  29 
 20 225 193 196 
 23 108  64 112 
205  88 179  71 
165  42 148  60 
150 107 137 129 
 87 122  69 186 
166  55 252 177 
126  89 228 162 
 36  17 196 103 
165  16 242  12 
184  10 249 175 
245  90 240 142 
122 216  87 114 
 62 164 249 172 
159  35 167 207 
160  14  32 102 
 50 194 233 160 
 83 123 113   8 
 66   3 151  79 
 82  60 139  81 
219 182 101 200 
253  60 101 116 
 66 138 109 215 
 32 109 163  33 
182 202  95  89 
184 218 117 151 
 10  63  44 110 
234 141 116   1 
 82  59 244  14 
119  62 121 199 
112 129 160   2 
123  42 250 170 
241 118  19 212 
 97 245  51 117 
180 199  30 132 
108 155  64 247 
 54 110 246  26 
 80  59  74  56 
113  37 237  61 
193 175 151 197 
111 194 226   1 
 25 207   0 255 
121 100  61  44 
183 120 204 229 
136 101   4  61 
 19  91 115  42 
 70  63  19  39 
126   7 214 157 
185 195  15  59 
107 217 174 236 
222 249  86 195 
 10 102 202  64 
167 252 207 169 
 76  57 162 232 
 33 108  92 128 
118 189 242 239 
160 196 209 230 
251 216  84 147 
123 183  41  25 
 15  42 191  94 
151 216  67 211 
221 182 238 248 
119  51 218 111 
144 183 200  10 
146  93 196 115 
150 173 244 115 
220 216 115 193 
119 238  89  91 
119  90 213   3 
198 156  70 104 
143  66 218  45 
242 253 214 124 
223  83  11  90 
188 232   4 199 
151 179 177 158 
 56 227  28  40 
 41 195 120 109 
242 122 174 160 
187 241  65  74 
250 123  38  55 
135  59 152 201 
233 146 167 141 
 33  26 154 188 
254  58 130  35 
 36  15 199   6 
 41 115 212  56 
 77 222 129 251 
157 124 139  30 
179 100 213 187 
  5  35  42  44 
174 226 235 174 
 85 133 201  57 
 63 104  45   0 
125  57 178  75 
 80  70 121 214 
 66  96 200 139 
140 170  41  11 
211 253  46 177 
 39  94 113 193 
131 203 238  56 
209  47 120 248 
 76 249  88 203 
110 103  83  97 
143 120 125 163 
228 158 130  22 
 18   3 205 127 
 84  64   8 109 
 96  53 136 102 
137  30 156  42 
204  70 239 146 
  2 108 199   1 
 52 118 157 145 
173  34  57 106 
226 155 134 246 
114  31 193 108 
 63 133  97  34 
 90  47  98  38 
 26  14 132 250 
105 135 247  36 
178 201  32 250 
182  94 107 189 
 95 232 191 235 
 82 223  64 116 
 26 134 203 139 
108 153 252 105 
153  89  39 149 
147 168 224 243 
136  11 119 152 
160  64  50 115 
239  93 153 148 
122 227 242  12 
 63 232  90  24 
170 183 195 101 
199 233 192 177 
170   5 150 202 
176  42 102 217 
 16  35 210  66 
107  75 247 137 
137  57 163  36 
174 102 194 147 
 18  49 168  22 
210 176  77  40 
 60  54 113  24 
133 226 137   3 
202  87 160 172 
 82 182  65 167 
 84   8 181 109 
101  14  26 180 
130  13 103 229 
 95 109 213 130 
194 224  83 112 
145  13  71 216 
175 254 131 234 
101 107 236 113 
212   6 206 168 
 49 158  40 205 
126  32  34  59 
206  76   4 183 
226 186 106  43 
178 181 189 240 
129 244 147 153 
194 147 135  68 
115  50 144  86 
125 250  29 105 
165 141 149 190 
 12 221 111 179 
211  87 245 134 
106 212  90 207 
228  49 179 160 
197  23 107 201 
 63 102  73 211 
223 135 115  41 
 57 190 243 130 
 80  57 204 236 
 69 162  72  64 
  0  12 207 106 
131 152 171 220 
207 251  46  75 
203 213   2 215 
 35 156  25 241 
145 127 168 164 
  3 237  82  90 
105 175 118  21 
 92 138 174 201 
252 248 245 242 
246   3 182  42 
 33 161 117   8 
171  36 134  53 
 22  18 203 108 
  0  21 166 117 
127 124 109 101 
 84  28 196 120 
 57  62  45 211 
163 159 187 149 
120 133 117 186 
236 100   7 167 
128  39 122 185 
 63  58  27 209 
 18  64  14  48 
 99  94 249  22 
 18   7 170 109 
151 130 227 241 
205 108 186 246 
161  89  15  86 
104 192  97 233 
165  29 189 209 
 12 196 229  50 
 96 121 177 168 
 87  19 243  88 
149  47 135  84 
103  94 246  17 
120  33 124 174 
221 221 178 143 
118 152   9 193 
165 199 172 208 
223  22 239 210 
177  94  66  76 
138  86 224 183 
 69 212 133 127 
152  77 105 219 
219 133  81  21 
179 187 147 124 
215  59  84  99 
124 191  86  28 
202  48 167 142 
246 191 226  97 
141  68 249  69 
150 177 213 225 
225 106  97 226 
195   7 223 117 
 47 170  86 149 
112  20  44 214 
 83 137 155 122 
227 248 165  11 
184 110  36   4 
133  89  55  38 
125 182 108 100 
 70 113 124  51 
 39 236 219 148 
198  27  76 220 
 90 133  48 115 
220 224 122  26 
 60  20 169  51 
135 189  61 208 
244  90 234  30 
231 106  88 101 
167 167  48 245 
 71  59  40   1 
 24  84  86 243 
 28 191  82  54 
253  27 213  59 
 71 208  23 100 
242 107  10 230 
139  73 226  71 
228  57 105 145 
171  52  73 230 
  8  65 194 175 
 92 202 194   6 
 85 254  46 176 
159 191 198   7 
 28 180  44 177 
183 195  87 106 
 87 104  98 138 
186 106  11  55 
140  74 241 148 
 86 226  48  66 
 82  10 209 244 
 53 109 115 201 
 27 162 244 181 
 23 180  62 239 
 20 169  74  69 
242 124 206 205 
153  85  49 240 
192 139 198  28 
121  42 218 172 
147 144 127 145 
248 118  14 132 
184 188 197  69 
 50 152  76 121 
 20 163 108 169 
240 162 244 200 
113  86  93 195 
162 186 103 218 
136  58 127 127 
 59 110 121  29 
156  40  91  14 
 14  99 201 107 
137 187   8 165 
 44 233   9  90 
127 213 114  90 
173  65  66 150 
219  31 237 124 
 42  56 130 149 
 56 232 198 222 
 23 237 190 233 
203  35   0 231 
 22  43 232   3 
121 120 101  15 
192  81 115 145 
 71 158 173 119 
208  58 125 109 
 58  43 149  92 
132 169 101  12 
 40 178 249  94 
247  29  67 221 
128  54  93  93 
  9 147 103 255 
 63 189 125 124 
234  59 252  76 
 52 236  84  19 
 98 102 255 197 
105  99 218 155 
 55 169  26 164 
225  71  30  82 
197  83  47 109 
176  37  89  18 
114 189 215 172 
143 144   7 230 
232 167 141   0 
 96 102 229  46 
219 114 104  64 
123  64 247 198 
108 220  13  18 
 47  76  31 174 
236 247  19 158 
 36  85  62  97 
241  50  31  46 
 19 131 104 106 
 53  61 104 184 
115 174 134 205 
212 213  95 148 
 17  42  89 166 
233  74 109 250 
 37  10  67 119 
230  16   2 206 
 41  46 191  22 
  4 177  78 140 
140 161  81 183 
 29 249  72   8 
222  75  59 136 
222  59  45   7 
 50  53  25 213 
 59 234 125 243 
161 230 241 255 
102  28 202  94 
204 100 145 174 
 73 115 147  60 
157  63 118  88 
229 217 201  77 
 38 142 195  73 
167 218 194 243 
 99 206 214  47 
 92  41 125  60 
210  65   2  77 
232 210  40 226 
212  50 153 158 
 52 129 230 195 
142 201 114 117 
 30  88 233 187 
194   2 175  64 
 99 140   7  94 
127 235 151  71 
158 225  14   0 
 25 181 180 196 
167  99  54  50 
199 209  27   3 
 24 226 161  22 
158 153 176 151 
  6 103  24 165 
144 231 195 237 
  3 160  39  41 
102   0 208 123 
 34  52   0 136 
 11 123 165 172 
 69  71 134 246 
207  49 237 247 
